 5.500 5.500 5.500 5.500 5.500 5.500 5.500 5.500 5.500 5.500 5.500 5.500 5.500 5.500 5.500 5.500 5.500 5.500 5.500 5.500 5.500 5.500 5.500 5.500 5.500 5.500 5.500 5.500 5.500 5.500 5.500 5.500
 5.500 5.500 5.500 5.500 5.500 5.500 5.500 5.500 5.500 5.500 5.500 5.500 5.500 5.500 5.500 5.500 5.500 5.500 5.500 5.500 5.500 5.500 5.500 5.500 5.500 5.500 5.500 5.500 5.500 5.500 5.500 5.500
 5.500 5.500 5.500 5.500 5.500 5.500 5.500 5.500 5.500 5.500 5.500 5.500 5.500 5.500 5.500 5.500 5.500 5.500 5.500 5.500 5.500 5.500 5.500 5.500 5.500 5.500 5.500 5.517 5.500 5.500 5.500 5.500
 5.500 5.500 5.500 5.500 5.500 5.500 5.500 5.500 5.500 5.500 5.500 5.500 5.500 6.055 6.124 5.780 5.500 5.500 5.500 5.500 5.500 5.500 5.500 5.116 5.500 5.500 5.516 5.552 5.500 5.500 5.500 5.500
 5.500 5.500 5.500 5.500 5.500 5.500 5.500 5.500 5.500 5.500 5.500 5.500 5.500 6.126 6.229 6.175 6.134 6.030 5.873 5.760 5.662 5.550 5.375 5.082 5.155 5.232 5.475 5.504 5.500 5.500 5.500 5.500
 5.500 5.500 5.500 5.500 5.500 5.500 5.500 5.500 5.500 5.500 5.500 5.925 5.994 6.165 6.326 6.282 6.248 6.099 5.875 5.745 5.626 5.489 5.315 5.130 5.121 5.180 5.159 5.047 5.500 5.500 5.500 5.500
 5.500 5.500 5.500 5.500 5.500 5.500 5.500 5.500 5.500 5.500 5.716 5.845 6.025 6.199 6.336 6.334 6.300 6.133 5.900 5.756 5.547 5.332 5.172 5.090 5.101 5.142 5.144 5.014 5.500 5.500 5.500 5.500
 5.500 5.500 5.500 5.500 5.500 5.500 5.500 5.500 5.500 5.500 5.673 5.868 6.121 6.234 6.320 6.342 6.247 6.089 5.924 5.905 5.528 5.161 5.010 5.005 5.076 5.141 5.296 5.366 5.500 5.500 5.500 5.500
 5.500 5.500 5.500 5.500 5.500 5.500 5.500 5.500 5.500 5.681 5.655 5.953 6.264 6.326 6.318 6.353 6.182 6.005 5.867 5.838 5.393 4.998 4.867 4.862 4.918 5.014 5.500 5.500 5.500 5.500 5.500 5.500
 5.500 5.500 5.500 5.500 5.500 5.500 5.500 5.500 5.500 5.460 5.665 6.044 6.343 6.411 6.329 6.315 6.178 5.951 5.648 5.384 5.034 4.827 4.764 4.710 4.680 4.654 5.471 5.500 5.500 5.500 5.500 5.500
 5.500 5.500 5.500 5.500 5.500 5.500 5.500 5.500 5.563 5.400 5.724 6.144 6.406 6.456 6.383 6.294 6.131 5.767 5.308 5.134 4.883 4.768 4.707 4.596 4.516 4.404 4.282 4.488 5.428 5.500 5.500 5.500
 5.500 5.500 5.500 5.500 5.500 5.500 5.500 5.500 5.243 5.378 5.813 6.239 6.419 6.433 6.376 6.256 5.959 5.634 5.266 5.055 4.840 4.757 4.678 4.561 4.451 4.349 4.276 4.300 4.371 5.500 5.500 5.500
 5.500 5.500 5.500 5.500 5.500 5.500 5.500 5.494 5.084 5.393 5.915 6.303 6.385 6.342 6.292 6.148 5.771 5.405 5.126 5.002 4.835 4.743 4.661 4.550 4.464 4.403 4.362 4.408 4.457 5.500 5.500 5.500
 5.500 5.500 5.500 5.500 5.500 5.500 5.500 4.818 5.013 5.426 5.996 6.300 6.293 6.173 6.096 5.947 5.709 5.290 4.951 4.960 4.880 4.768 4.665 4.579 4.496 4.409 4.621 5.179 5.500 5.500 5.500 5.500
 5.500 5.500 5.500 5.500 5.500 5.500 4.770 4.785 4.992 5.463 6.028 6.231 6.106 5.929 5.693 5.517 5.597 5.295 4.827 4.825 4.817 4.747 4.700 4.626 4.478 4.370 4.356 4.418 5.500 5.500 5.500 5.500
 5.500 5.500 5.500 5.500 5.500 5.500 4.781 4.876 5.171 5.615 6.036 6.063 5.865 5.704 5.599 5.543 5.531 5.263 4.992 4.734 4.704 4.683 4.639 4.597 4.460 4.379 4.371 5.381 5.500 5.500 5.500 5.500
 5.500 5.500 5.500 5.500 5.500 4.753 4.801 5.040 5.432 5.814 6.041 5.963 5.757 5.623 5.565 5.509 5.253 4.939 5.256 4.910 4.766 4.631 4.568 4.518 4.442 4.418 4.431 5.500 5.500 5.500 5.500 5.500
 5.500 5.500 5.500 5.291 4.709 4.749 4.883 5.180 5.619 5.983 6.033 5.936 5.866 5.793 5.771 5.667 5.142 4.543 5.769 5.153 4.825 4.658 4.518 4.472 4.493 4.498 5.317 5.500 5.500 5.500 5.500 5.500
 5.500 5.500 5.500 4.644 4.700 4.785 5.000 5.316 5.716 6.044 6.051 5.938 5.928 5.941 5.870 5.677 5.537 5.622 5.961 5.337 4.983 4.625 4.449 4.405 4.542 4.625 5.240 5.500 5.500 5.500 5.500 5.500
 5.500 5.500 4.787 4.627 4.663 4.764 5.000 5.314 5.686 5.997 6.031 5.986 5.960 5.803 5.493 5.405 5.773 5.633 5.550 5.197 4.882 4.611 4.498 4.507 4.613 4.684 5.500 5.500 5.500 5.500 5.500 5.500
 5.500 5.500 4.603 4.588 4.605 4.703 4.894 5.258 5.728 6.068 6.117 6.025 5.779 5.155 4.946 5.110 5.318 5.372 5.204 4.881 4.729 4.650 4.640 4.685 4.742 5.500 5.500 5.500 5.500 5.500 5.500 5.500
 5.500 5.500 4.575 4.515 4.522 4.614 4.861 5.430 5.985 6.154 6.066 5.631 5.116 4.742 4.754 5.132 5.283 5.181 4.882 4.670 4.668 4.758 4.839 4.875 4.864 5.500 5.500 5.500 5.500 5.500 5.500 5.500
 5.500 5.500 4.599 4.501 4.503 4.632 5.082 5.768 6.107 6.069 5.577 5.025 4.658 4.574 4.640 5.005 5.199 4.954 4.664 4.644 4.748 4.900 4.997 5.021 4.980 4.967 5.500 5.500 5.500 5.500 5.500 5.500
 5.500 5.500 4.652 4.600 4.648 4.892 5.379 5.904 5.977 5.618 4.974 4.668 4.570 4.547 4.662 5.044 5.113 4.887 4.682 4.757 4.904 4.990 5.059 5.075 5.018 4.953 5.500 5.500 5.500 5.500 5.500 5.500
 5.500 5.500 4.738 4.708 4.794 5.001 5.367 5.685 5.535 5.057 4.643 4.597 4.637 4.738 4.997 5.143 5.166 4.976 4.843 4.941 5.054 4.970 4.990 5.016 4.962 4.892 4.843 5.500 5.500 5.500 5.500 5.500
 5.500 5.500 4.848 4.858 4.908 5.024 5.245 5.358 5.123 4.784 4.645 4.659 4.790 4.970 5.290 5.268 5.186 5.054 4.987 5.013 4.987 4.868 4.830 4.890 4.894 4.847 4.798 4.785 5.500 5.500 5.500 5.500
 5.500 5.500 5.099 5.015 5.031 5.058 5.132 5.129 4.954 4.832 4.994 4.990 4.875 4.878 5.299 5.281 5.220 5.161 5.145 5.065 4.994 4.854 4.764 4.791 4.846 4.828 4.777 4.754 5.500 5.500 5.500 5.500
 5.500 5.500 5.500 5.119 5.128 5.138 5.177 5.181 5.081 5.050 5.223 5.219 5.003 4.776 5.387 5.321 5.267 5.236 5.169 5.082 4.999 4.884 4.766 4.774 4.828 5.500 4.799 4.783 5.500 5.500 5.500 5.500
 5.500 5.500 5.500 5.176 5.200 5.238 5.296 5.302 5.222 5.169 5.244 5.293 5.250 5.175 5.333 5.430 5.303 5.282 5.246 5.138 5.032 4.911 4.788 4.755 4.816 5.500 5.500 5.500 5.500 5.500 5.500 5.500
 5.500 5.500 5.500 5.218 5.257 5.298 5.319 5.289 5.230 5.206 5.254 5.307 5.345 5.351 5.387 5.400 5.349 5.321 5.307 5.500 5.500 5.500 5.500 4.950 5.500 5.500 5.500 5.500 5.500 5.500 5.500 5.500
 5.500 5.500 5.500 5.500 5.500 5.500 5.500 5.500 5.500 5.500 5.500 5.500 5.380 5.404 5.419 5.500 5.500 5.500 5.500 5.500 5.500 5.500 5.500 5.500 5.500 5.500 5.500 5.500 5.500 5.500 5.500 5.500
 5.500 5.500 5.500 5.500 5.500 5.500 5.500 5.500 5.500 5.500 5.500 5.500 5.500 5.500 5.500 5.500 5.500 5.500 5.500 5.500 5.500 5.500 5.500 5.500 5.500 5.500 5.500 5.500 5.500 5.500 5.500 5.500
 5.566 5.566 5.566 5.566 5.566 5.566 5.566 5.566 5.566 5.566 5.566 5.566 5.566 5.566 5.566 5.566 5.566 5.566 5.566 5.566 5.566 5.566 5.566 5.566 5.566 5.566 5.566 5.566 5.566 5.566 5.566 5.566
 5.566 5.566 5.566 5.566 5.566 5.566 5.566 5.566 5.566 5.566 5.566 5.566 5.566 5.566 5.566 5.566 5.566 5.566 5.566 5.566 5.566 5.566 5.566 5.566 5.566 5.566 5.566 5.566 5.566 5.566 5.566 5.566
 5.566 5.566 5.566 5.566 5.566 5.566 5.566 5.566 5.566 5.566 5.566 5.566 5.566 5.566 5.566 5.566 5.566 5.566 5.566 5.566 5.566 5.566 5.566 5.566 5.566 5.566 5.312 5.454 5.566 5.566 5.566 5.566
 5.566 5.566 5.566 5.566 5.566 5.566 5.566 5.566 5.566 5.566 5.566 5.566 5.765 6.008 6.069 6.048 5.566 5.566 5.566 5.566 5.566 5.566 5.322 5.189 5.187 5.259 5.323 5.592 5.221 5.566 5.566 5.566
 5.566 5.566 5.566 5.566 5.566 5.566 5.566 5.566 5.566 5.566 5.566 5.566 5.932 6.063 6.157 6.112 6.093 6.006 5.871 5.770 5.675 5.561 5.363 4.921 5.206 5.628 5.352 5.933 4.794 5.566 5.566 5.566
 5.566 5.566 5.566 5.566 5.566 5.566 5.566 5.566 5.566 5.566 5.566 5.915 5.985 6.133 6.264 6.230 6.198 6.067 5.874 5.756 5.641 5.512 5.356 5.194 5.246 5.363 5.192 4.583 4.080 5.566 5.566 5.566
 5.566 5.566 5.566 5.566 5.566 5.566 5.566 5.566 5.566 5.566 5.779 5.895 6.044 6.197 6.343 6.335 6.256 6.096 5.894 5.750 5.538 5.330 5.215 5.215 5.328 5.405 5.237 4.620 4.411 5.566 5.566 5.566
 5.566 5.566 5.566 5.566 5.566 5.566 5.566 5.566 5.566 5.566 5.742 5.917 6.142 6.252 6.364 6.366 6.218 6.062 5.914 5.853 5.438 5.046 4.977 5.159 5.561 5.676 5.586 4.646 4.691 5.566 5.566 5.566
 5.566 5.566 5.566 5.566 5.566 5.566 5.566 5.566 5.566 5.691 5.721 5.996 6.284 6.361 6.391 6.353 6.163 5.994 5.887 6.027 5.509 4.970 4.880 4.994 5.249 5.642 6.962 6.091 5.146 5.566 5.566 5.566
 5.566 5.566 5.566 5.566 5.566 5.566 5.566 5.566 5.566 5.535 5.746 6.090 6.404 6.477 6.437 6.329 6.161 5.932 5.591 5.471 5.150 4.885 4.807 4.795 4.850 4.946 5.256 5.121 5.566 5.566 5.566 5.566
 5.566 5.566 5.566 5.566 5.566 5.566 5.566 5.566 5.629 5.522 5.810 6.190 6.488 6.583 6.501 6.319 6.129 5.816 5.163 5.208 4.999 4.836 4.735 4.646 4.554 4.429 4.205 4.393 4.362 4.186 4.201 5.566
 5.566 5.566 5.566 5.566 5.566 5.566 5.566 5.566 5.416 5.515 5.900 6.292 6.518 6.561 6.507 6.284 5.950 5.843 5.447 5.227 4.972 4.831 4.736 4.604 4.463 4.338 4.130 4.344 4.545 4.376 4.232 5.566
 5.566 5.566 5.566 5.566 5.566 5.566 5.566 5.492 5.252 5.539 6.007 6.393 6.486 6.452 6.401 6.179 5.795 5.575 5.343 5.316 5.110 4.884 4.741 4.600 4.472 4.406 4.371 4.500 4.818 4.722 5.566 5.566
 5.566 5.566 5.566 5.566 5.566 5.566 5.566 5.031 5.210 5.585 6.085 6.389 6.403 6.284 6.122 5.848 5.739 5.445 5.146 5.375 5.280 4.961 4.808 4.698 4.449 4.417 4.441 4.560 4.801 4.644 5.566 5.566
 5.566 5.566 5.566 5.566 5.566 5.566 4.928 4.975 5.199 5.627 6.111 6.304 6.246 6.055 5.817 5.445 5.632 5.417 4.979 5.068 5.072 4.960 4.936 5.041 4.638 4.437 4.425 4.552 5.497 5.432 5.566 5.566
 5.566 5.566 5.566 5.566 5.566 5.442 4.948 5.073 5.359 5.754 6.103 6.173 6.026 5.877 5.768 5.624 5.614 5.374 5.306 5.058 4.956 4.903 4.954 5.348 4.750 4.443 4.441 4.834 5.776 5.601 5.566 5.566
 5.566 5.566 5.566 5.566 5.358 4.918 4.995 5.235 5.583 5.891 6.035 6.024 5.919 5.812 5.748 5.660 5.348 5.021 5.597 5.385 5.105 4.908 4.829 4.731 4.514 4.437 4.471 5.566 5.566 5.566 5.566 5.566
 5.566 5.566 5.566 4.966 4.856 4.928 5.077 5.356 5.722 5.963 5.804 5.708 5.953 5.932 5.929 5.874 5.262 4.386 6.200 5.623 5.311 5.188 4.983 4.554 4.496 4.459 4.639 5.566 5.566 5.566 5.566 5.566
 5.566 5.566 5.566 4.797 4.844 4.960 5.173 5.457 5.781 6.006 5.929 5.801 6.066 5.997 5.955 5.801 5.769 5.973 6.344 5.961 6.240 4.943 4.437 4.367 4.766 4.930 5.013 5.566 5.566 5.566 5.566 5.566
 5.566 5.566 4.767 4.752 4.791 4.927 5.162 5.441 5.749 5.995 6.043 6.050 6.120 6.077 5.588 5.586 6.310 6.008 5.944 5.535 5.231 4.730 4.548 4.553 4.846 5.032 5.140 5.566 5.566 5.566 5.566 5.566
 5.566 5.566 4.707 4.666 4.694 4.828 5.038 5.367 5.787 6.115 6.225 6.169 5.983 4.764 4.717 5.218 5.621 5.738 5.906 5.062 4.627 4.661 4.684 4.787 4.923 5.234 5.566 5.566 5.566 5.566 5.566 5.566
 5.566 5.566 4.659 4.553 4.566 4.688 4.958 5.479 6.027 6.236 6.120 5.860 5.264 4.567 4.627 5.352 5.523 5.405 5.295 4.752 4.545 4.752 4.887 4.973 5.020 5.081 5.566 5.566 5.566 5.566 5.566 5.566
 5.566 5.566 4.693 4.549 4.560 4.754 5.203 5.837 6.258 6.247 5.796 5.351 4.853 4.650 4.725 5.201 5.357 4.873 4.528 4.819 5.024 5.033 5.091 5.121 5.109 5.104 5.566 5.566 5.566 5.566 5.566 5.566
 5.566 5.566 4.798 4.719 4.794 5.062 5.505 5.991 6.184 6.084 5.197 4.848 4.659 4.665 4.875 5.288 5.330 4.987 4.706 4.955 5.198 5.170 5.192 5.194 5.154 5.109 5.117 5.566 5.566 5.566 5.566 5.566
 5.566 5.566 4.928 4.910 5.006 5.211 5.537 5.845 5.711 5.167 4.692 4.707 4.817 4.981 5.299 5.361 5.346 5.148 5.000 5.122 5.368 5.166 5.155 5.170 5.123 5.072 5.055 5.566 5.566 5.566 5.566 5.566
 5.566 5.566 5.054 5.064 5.117 5.228 5.431 5.530 5.284 4.892 4.711 4.920 5.249 5.281 5.569 5.410 5.330 5.216 5.177 5.175 5.179 5.054 5.014 5.075 5.074 5.038 5.005 4.997 5.566 5.566 5.566 5.566
 5.566 5.566 5.165 5.195 5.212 5.243 5.321 5.328 5.184 5.078 5.247 5.275 5.164 5.187 5.556 5.480 5.373 5.314 5.336 5.220 5.155 5.026 4.925 4.971 5.032 5.026 4.992 4.991 5.063 5.566 5.566 5.566
 5.566 5.566 5.425 5.276 5.287 5.301 5.344 5.363 5.291 5.260 5.402 5.431 5.241 5.080 5.491 5.530 5.424 5.400 5.291 5.223 5.154 5.051 4.938 4.930 5.004 5.186 5.015 4.997 5.566 5.566 5.566 5.566
 5.566 5.566 5.544 5.323 5.341 5.374 5.427 5.440 5.377 5.329 5.394 5.450 5.425 5.375 5.469 5.595 5.422 5.408 5.366 5.271 5.180 5.075 4.967 4.935 4.984 5.566 5.566 5.566 5.566 5.566 5.566 5.566
 5.566 5.566 5.396 5.371 5.391 5.419 5.438 5.418 5.373 5.354 5.396 5.450 5.493 5.529 5.500 5.521 5.459 5.430 5.412 5.566 5.566 5.566 5.390 4.974 5.566 5.566 5.566 5.566 5.566 5.566 5.566 5.566
 5.566 5.566 5.566 5.408 5.418 5.566 5.566 5.566 5.566 5.566 5.566 5.537 5.512 5.551 5.518 5.566 5.566 5.566 5.566 5.566 5.566 5.566 5.566 5.566 5.566 5.566 5.566 5.566 5.566 5.566 5.566 5.566
 5.566 5.566 5.566 5.566 5.566 5.566 5.566 5.566 5.566 5.566 5.566 5.566 5.566 5.566 5.566 5.566 5.566 5.566 5.566 5.566 5.566 5.566 5.566 5.566 5.566 5.566 5.566 5.566 5.566 5.566 5.566 5.566
 5.631 5.631 5.631 5.631 5.631 5.631 5.631 5.631 5.631 5.631 5.631 5.631 5.631 5.631 5.631 5.631 5.631 5.631 5.631 5.631 5.631 5.631 5.631 5.631 5.631 5.631 5.631 5.631 5.631 5.631 5.631 5.631
 5.631 5.631 5.631 5.631 5.631 5.631 5.631 5.631 5.631 5.631 5.631 5.631 5.631 5.631 5.631 5.631 5.631 5.631 5.631 5.631 5.631 5.631 5.631 5.631 5.631 5.631 5.631 5.631 5.631 5.631 5.631 5.631
 5.631 5.631 5.631 5.631 5.631 5.631 5.631 5.631 5.631 5.631 5.631 5.631 5.835 5.856 5.631 5.631 5.631 5.631 5.631 5.631 5.631 5.631 5.631 5.631 5.631 5.631 5.251 5.281 5.631 5.631 5.631 5.631
 5.631 5.631 5.631 5.631 5.631 5.631 5.631 5.631 5.631 5.631 5.631 5.631 5.880 5.914 5.964 5.958 5.749 5.727 5.669 5.631 5.631 5.507 5.470 5.364 5.371 5.163 5.055 5.366 4.993 5.631 5.631 5.631
 5.631 5.631 5.631 5.631 5.631 5.631 5.631 5.631 5.631 5.631 5.631 5.631 5.919 5.965 6.012 5.996 5.976 5.919 5.833 5.752 5.671 5.583 5.485 5.221 5.576 5.977 5.321 6.196 4.615 5.631 5.631 5.631
 5.631 5.631 5.631 5.631 5.631 5.631 5.631 5.631 5.631 5.631 5.631 5.908 5.946 6.018 6.076 6.061 6.033 5.949 5.833 5.738 5.638 5.544 5.476 5.460 5.554 5.719 5.439 4.593 3.774 5.631 5.631 5.631
 5.631 5.631 5.631 5.631 5.631 5.631 5.631 5.631 5.631 5.631 5.826 5.897 5.984 6.068 6.134 6.124 6.067 5.964 5.839 5.722 5.540 5.385 5.314 5.427 5.681 5.726 5.467 4.616 4.333 5.631 5.631 5.631
 5.631 5.631 5.631 5.631 5.631 5.631 5.631 5.631 5.631 5.770 5.798 5.912 6.044 6.118 6.169 6.153 6.056 5.949 5.849 5.770 5.425 5.120 4.991 5.341 5.980 5.925 5.901 4.471 4.636 5.631 5.631 5.631
 5.631 5.631 5.631 5.631 5.631 5.631 5.631 5.631 5.631 5.721 5.797 5.958 6.127 6.195 6.206 6.157 6.030 5.908 5.836 6.060 5.644 5.153 4.916 5.183 5.513 5.857 6.872 5.918 4.947 5.631 5.631 5.631
 5.631 5.631 5.631 5.631 5.631 5.631 5.631 5.631 5.631 5.694 5.816 6.016 6.206 6.288 6.251 6.153 6.016 5.829 5.506 5.584 5.390 5.149 5.010 5.024 5.069 5.107 5.333 5.088 4.631 4.396 5.631 5.631
 5.631 5.631 5.631 5.631 5.631 5.631 5.631 5.631 5.614 5.674 5.853 6.078 6.267 6.355 6.287 6.151 6.005 5.835 5.166 5.347 5.260 5.109 4.982 4.877 4.726 4.434 4.064 4.318 4.417 4.123 4.183 5.631
 5.631 5.631 5.631 5.631 5.631 5.631 5.631 5.631 5.560 5.677 5.907 6.144 6.299 6.349 6.276 6.113 5.896 5.962 5.656 5.460 5.270 5.136 4.992 4.829 4.605 4.348 4.019 4.321 4.848 4.339 4.240 5.631
 5.631 5.631 5.631 5.631 5.631 5.631 5.631 5.434 5.512 5.695 5.971 6.212 6.309 6.286 6.190 6.009 5.785 5.698 5.583 5.635 5.511 5.230 5.049 4.873 4.649 4.505 4.396 4.574 5.174 4.807 5.631 5.631
 5.631 5.631 5.631 5.631 5.631 5.631 5.377 5.374 5.493 5.726 6.024 6.240 6.271 6.169 5.999 5.688 5.673 5.567 5.408 5.712 5.718 5.334 5.166 5.017 4.566 4.545 4.526 4.597 4.849 4.690 5.631 5.631
 5.631 5.631 5.631 5.631 5.631 5.631 5.284 5.337 5.496 5.758 6.049 6.223 6.190 6.055 5.872 5.471 5.594 5.506 5.300 5.374 5.459 5.366 5.375 5.640 5.039 4.635 4.527 4.565 5.828 5.285 5.631 5.631
 5.631 5.631 5.631 5.631 5.631 5.276 5.284 5.383 5.574 5.818 6.049 6.228 6.110 5.982 5.882 5.663 5.637 5.467 5.575 5.480 5.478 5.422 5.486 5.906 5.116 4.580 4.463 4.892 6.039 5.631 5.631 5.631
 5.631 5.631 5.631 5.631 5.225 5.240 5.308 5.468 5.678 5.860 5.955 6.031 6.003 5.938 5.875 5.755 5.522 5.298 5.469 5.830 5.692 5.574 5.472 5.109 4.652 4.480 4.541 5.631 5.631 5.631 5.631 5.631
 5.631 5.631 5.631 5.143 5.173 5.234 5.349 5.531 5.738 5.849 5.689 5.607 5.943 5.988 5.990 5.902 5.593 4.987 6.157 6.017 5.973 6.026 5.738 4.790 4.512 4.478 4.717 5.631 5.631 5.631 5.631 5.631
 5.631 5.631 5.294 5.112 5.150 5.241 5.389 5.576 5.766 5.870 5.753 5.726 6.173 6.060 6.041 5.845 5.725 6.027 6.159 6.258 6.687 5.452 4.495 4.372 4.915 5.108 5.143 5.631 5.631 5.631 5.631 5.631
 5.631 5.631 5.059 5.064 5.107 5.214 5.379 5.572 5.771 5.919 5.954 6.019 6.220 6.010 5.670 5.707 6.174 6.157 6.068 5.811 5.570 5.043 4.708 4.718 5.049 5.195 5.213 5.631 5.631 5.631 5.631 5.631
 5.631 5.631 5.007 5.001 5.042 5.153 5.317 5.547 5.813 6.053 6.136 6.171 6.059 4.845 4.787 5.446 5.789 5.938 6.195 5.278 4.602 4.762 4.819 4.941 5.103 5.192 5.631 5.631 5.631 5.631 5.631 5.631
 5.631 5.631 4.976 4.938 4.964 5.072 5.220 5.546 5.929 6.115 6.105 5.944 5.499 4.611 4.766 5.532 5.691 5.622 5.704 5.003 4.528 4.827 4.990 5.100 5.178 5.224 5.631 5.631 5.631 5.631 5.631 5.631
 5.631 5.631 5.006 4.951 4.980 5.140 5.423 5.816 6.123 6.176 5.895 5.630 5.209 4.865 5.015 5.400 5.459 4.951 4.712 5.110 5.278 5.173 5.196 5.232 5.254 5.263 5.631 5.631 5.631 5.631 5.631 5.631
 5.631 5.631 5.094 5.075 5.145 5.334 5.626 5.928 6.267 6.230 5.479 5.218 5.033 4.970 5.152 5.427 5.490 5.126 4.894 5.199 5.460 5.342 5.317 5.313 5.303 5.290 5.292 5.631 5.631 5.631 5.631 5.631
 5.631 5.631 5.204 5.218 5.294 5.435 5.631 5.804 5.836 5.407 4.971 5.076 5.178 5.302 5.492 5.537 5.489 5.320 5.213 5.276 5.540 5.369 5.332 5.328 5.307 5.288 5.281 5.474 5.631 5.631 5.631 5.631
 5.631 5.631 5.300 5.320 5.367 5.449 5.571 5.622 5.474 5.150 4.959 5.277 5.561 5.609 5.692 5.476 5.459 5.399 5.415 5.350 5.387 5.303 5.268 5.293 5.291 5.277 5.265 5.266 5.631 5.631 5.631 5.631
 5.631 5.631 5.379 5.397 5.419 5.454 5.510 5.521 5.452 5.395 5.482 5.545 5.479 5.556 5.787 5.659 5.525 5.435 5.507 5.391 5.351 5.274 5.214 5.235 5.267 5.269 5.259 5.262 5.283 5.631 5.631 5.631
 5.631 5.631 5.445 5.449 5.461 5.480 5.512 5.529 5.502 5.493 5.570 5.617 5.526 5.472 5.621 5.734 5.599 5.555 5.419 5.378 5.344 5.282 5.214 5.204 5.243 5.270 5.265 5.270 5.308 5.631 5.631 5.631
 5.631 5.631 5.484 5.479 5.490 5.512 5.542 5.554 5.531 5.515 5.556 5.600 5.602 5.596 5.574 5.675 5.532 5.521 5.472 5.407 5.354 5.291 5.232 5.203 5.219 5.631 5.631 5.631 5.631 5.631 5.631 5.631
 5.631 5.631 5.496 5.500 5.512 5.531 5.546 5.544 5.528 5.525 5.556 5.601 5.639 5.695 5.568 5.600 5.546 5.526 5.504 5.631 5.631 5.631 5.252 5.220 5.631 5.631 5.631 5.631 5.631 5.631 5.631 5.631
 5.631 5.631 5.631 5.513 5.519 5.631 5.631 5.631 5.631 5.631 5.635 5.620 5.638 5.665 5.596 5.615 5.631 5.631 5.631 5.631 5.631 5.631 5.631 5.631 5.631 5.631 5.631 5.631 5.631 5.631 5.631 5.631
 5.631 5.631 5.631 5.631 5.631 5.631 5.631 5.631 5.631 5.631 5.631 5.631 5.631 5.631 5.631 5.631 5.631 5.631 5.631 5.631 5.631 5.631 5.631 5.631 5.631 5.631 5.631 5.631 5.631 5.631 5.631 5.631
 5.697 5.697 5.697 5.697 5.697 5.697 5.697 5.697 5.697 5.697 5.697 5.697 5.697 5.697 5.697 5.697 5.697 5.697 5.697 5.697 5.697 5.697 5.697 5.697 5.697 5.697 5.697 5.697 5.697 5.697 5.697 5.697
 5.697 5.697 5.697 5.697 5.697 5.697 5.697 5.697 5.697 5.697 5.697 5.697 5.697 5.697 5.697 5.697 5.697 5.697 5.697 5.697 5.697 5.697 5.697 5.697 5.697 5.697 5.697 5.697 5.697 5.697 5.697 5.697
 5.697 5.697 5.697 5.697 5.697 5.697 5.697 5.697 5.697 5.697 5.697 5.697 5.876 5.880 5.697 5.697 5.697 5.697 5.697 5.697 5.697 5.697 5.697 5.697 5.697 5.697 5.142 5.281 5.334 5.697 5.697 5.697
 5.697 5.697 5.697 5.697 5.697 5.697 5.697 5.697 5.697 5.697 5.697 5.697 5.887 5.901 5.927 5.926 5.790 5.776 5.729 5.697 5.697 5.601 5.608 5.525 5.476 5.297 4.978 5.352 5.112 5.697 5.697 5.697
 5.697 5.697 5.697 5.697 5.697 5.697 5.697 5.697 5.697 5.697 5.697 5.697 5.907 5.929 5.954 5.943 5.930 5.891 5.832 5.773 5.721 5.679 5.656 5.485 5.664 6.069 5.476 6.012 4.747 5.697 5.697 5.697
 5.697 5.697 5.697 5.697 5.697 5.697 5.697 5.697 5.697 5.697 5.697 5.905 5.925 5.962 5.992 5.980 5.959 5.903 5.826 5.758 5.687 5.646 5.677 5.768 5.870 6.055 5.750 5.014 4.123 5.697 5.697 5.697
 5.697 5.697 5.697 5.697 5.697 5.697 5.697 5.697 5.697 5.697 5.857 5.899 5.949 5.995 6.030 6.019 5.979 5.910 5.826 5.739 5.588 5.491 5.445 5.605 5.952 5.672 5.657 4.810 4.508 5.697 5.697 5.697
 5.697 5.697 5.697 5.697 5.697 5.697 5.697 5.697 5.697 5.805 5.839 5.909 5.989 6.032 6.057 6.040 5.972 5.898 5.833 5.785 5.511 5.286 5.033 5.394 5.996 5.664 6.013 4.929 4.728 5.697 5.697 5.697
 5.697 5.697 5.697 5.697 5.697 5.697 5.697 5.697 5.697 5.792 5.841 5.941 6.045 6.086 6.087 6.047 5.956 5.864 5.823 6.063 5.777 5.406 5.006 5.329 5.637 5.848 6.233 5.568 4.887 5.697 5.697 5.697
 5.697 5.697 5.697 5.697 5.697 5.697 5.697 5.697 5.697 5.780 5.856 5.981 6.101 6.153 6.123 6.049 5.943 5.780 5.467 5.693 5.629 5.443 5.245 5.242 5.266 5.293 5.475 5.284 4.701 4.471 5.697 5.697
 5.697 5.697 5.697 5.697 5.697 5.697 5.697 5.697 5.707 5.764 5.881 6.026 6.147 6.203 6.152 6.056 5.950 5.806 5.215 5.405 5.476 5.378 5.242 5.127 4.955 4.635 4.327 4.376 4.443 4.185 4.284 5.697
 5.697 5.697 5.697 5.697 5.697 5.697 5.697 5.680 5.689 5.770 5.920 6.075 6.176 6.205 6.147 6.034 5.910 6.053 5.841 5.614 5.517 5.407 5.255 5.085 4.837 4.478 4.157 4.321 4.849 4.387 4.388 5.697
 5.697 5.697 5.697 5.697 5.697 5.697 5.685 5.592 5.660 5.785 5.968 6.131 6.198 6.173 6.086 5.940 5.800 5.779 5.747 5.806 5.784 5.510 5.317 5.145 4.925 4.670 4.515 4.617 5.070 4.767 5.697 5.697
 5.697 5.697 5.697 5.697 5.697 5.697 5.527 5.563 5.652 5.811 6.013 6.169 6.198 6.110 5.953 5.652 5.613 5.632 5.554 5.748 5.890 5.606 5.453 5.308 4.826 4.687 4.626 4.640 4.926 4.858 5.697 5.697
 5.697 5.697 5.697 5.697 5.697 5.654 5.503 5.545 5.657 5.836 6.042 6.186 6.197 6.074 5.904 5.564 5.591 5.594 5.500 5.542 5.708 5.668 5.677 5.834 5.322 4.767 4.628 4.743 6.002 5.471 5.697 5.697
 5.697 5.697 5.697 5.697 5.678 5.461 5.494 5.572 5.705 5.873 6.047 6.217 6.254 6.069 5.973 5.726 5.715 5.569 5.717 5.689 5.799 5.781 5.809 5.875 5.208 4.648 4.518 5.004 6.046 5.697 5.697 5.697
 5.697 5.697 5.697 5.697 5.415 5.448 5.510 5.623 5.765 5.889 5.968 6.019 6.027 6.004 5.957 5.840 5.699 5.515 5.407 6.036 5.945 5.919 5.891 5.295 4.701 4.547 4.659 5.700 5.697 5.697 5.697 5.697
 5.697 5.697 5.697 5.364 5.395 5.448 5.534 5.659 5.794 5.861 5.747 5.648 5.936 6.041 6.071 5.906 5.827 5.463 6.257 6.149 6.120 6.128 5.648 4.837 4.605 4.643 4.894 5.697 5.697 5.697 5.697 5.697
 5.697 5.697 5.345 5.348 5.382 5.453 5.559 5.687 5.808 5.856 5.703 5.723 6.239 6.148 6.221 5.935 5.767 6.202 6.075 6.251 6.644 5.680 4.618 4.473 5.050 5.295 5.290 5.697 5.697 5.697 5.697 5.697
 5.697 5.697 5.310 5.317 5.354 5.436 5.555 5.692 5.826 5.930 5.962 6.027 6.274 5.964 5.719 5.789 6.028 6.184 6.132 6.042 5.821 5.264 4.815 4.850 5.222 5.307 5.289 5.697 5.697 5.697 5.697 5.697
 5.697 5.697 5.271 5.274 5.313 5.401 5.518 5.682 5.870 6.066 6.152 6.204 6.133 5.062 4.940 5.696 6.022 6.066 6.246 5.436 4.795 4.896 4.948 5.074 5.248 5.318 5.697 5.697 5.697 5.697 5.697 5.697
 5.697 5.697 5.252 5.235 5.262 5.342 5.405 5.641 5.937 6.101 6.133 6.104 5.713 4.755 4.947 5.705 5.876 5.834 5.862 5.177 4.668 4.938 5.115 5.230 5.317 5.357 5.697 5.697 5.697 5.697 5.697 5.697
 5.697 5.697 5.277 5.250 5.280 5.396 5.580 5.865 6.059 6.146 5.993 5.803 5.425 5.103 5.247 5.610 5.634 5.113 4.986 5.290 5.443 5.313 5.324 5.360 5.390 5.404 5.697 5.697 5.697 5.697 5.697 5.697
 5.697 5.697 5.343 5.339 5.398 5.539 5.763 5.987 6.277 6.317 5.670 5.439 5.264 5.168 5.327 5.602 5.681 5.246 5.082 5.402 5.710 5.511 5.456 5.446 5.444 5.442 5.450 5.697 5.697 5.697 5.697 5.697
 5.697 5.697 5.424 5.441 5.501 5.602 5.728 5.830 5.984 5.630 5.157 5.300 5.449 5.520 5.632 5.701 5.620 5.451 5.373 5.399 5.700 5.539 5.489 5.477 5.464 5.455 5.452 5.532 5.697 5.697 5.697 5.697
 5.697 5.697 5.490 5.509 5.546 5.606 5.688 5.717 5.631 5.349 5.145 5.482 5.719 5.843 5.786 5.603 5.573 5.533 5.610 5.481 5.554 5.488 5.455 5.466 5.464 5.456 5.450 5.451 5.697 5.697 5.697 5.697
 5.697 5.697 5.541 5.556 5.576 5.605 5.647 5.660 5.628 5.619 5.624 5.705 5.678 5.815 5.917 5.771 5.624 5.508 5.655 5.539 5.521 5.464 5.420 5.431 5.450 5.452 5.448 5.449 5.454 5.697 5.697 5.697
 5.697 5.697 5.575 5.586 5.599 5.617 5.644 5.664 5.660 5.675 5.712 5.758 5.746 5.750 5.729 5.860 5.755 5.665 5.537 5.500 5.499 5.462 5.416 5.408 5.432 5.447 5.449 5.451 5.457 5.697 5.697 5.697
 5.697 5.697 5.596 5.602 5.613 5.632 5.657 5.673 5.669 5.669 5.698 5.740 5.767 5.781 5.646 5.732 5.618 5.602 5.554 5.514 5.497 5.463 5.423 5.403 5.413 5.697 5.697 5.697 5.697 5.697 5.697 5.697
 5.697 5.697 5.605 5.612 5.623 5.641 5.656 5.662 5.661 5.667 5.694 5.735 5.788 5.822 5.624 5.676 5.620 5.599 5.578 5.654 5.697 5.697 5.419 5.408 5.697 5.697 5.697 5.697 5.697 5.697 5.697 5.697
 5.697 5.697 5.697 5.618 5.623 5.697 5.697 5.697 5.697 5.697 5.706 5.737 5.756 5.760 5.681 5.683 5.697 5.697 5.697 5.697 5.697 5.697 5.697 5.697 5.697 5.697 5.697 5.697 5.697 5.697 5.697 5.697
 5.697 5.697 5.697 5.697 5.697 5.697 5.697 5.697 5.697 5.697 5.697 5.697 5.697 5.697 5.697 5.697 5.697 5.697 5.697 5.697 5.697 5.697 5.697 5.697 5.697 5.697 5.697 5.697 5.697 5.697 5.697 5.697
 5.763 5.763 5.763 5.763 5.763 5.763 5.763 5.763 5.763 5.763 5.763 5.763 5.763 5.763 5.763 5.763 5.763 5.763 5.763 5.763 5.763 5.763 5.763 5.763 5.763 5.763 5.763 5.763 5.763 5.763 5.763 5.763
 5.763 5.763 5.763 5.763 5.763 5.763 5.763 5.763 5.763 5.763 5.763 5.763 5.763 5.763 5.763 5.763 5.763 5.763 5.763 5.763 5.763 5.763 5.763 5.763 5.763 5.763 5.763 5.763 5.763 5.763 5.763 5.763
 5.763 5.763 5.763 5.763 5.763 5.763 5.763 5.763 5.763 5.763 5.763 5.763 5.906 5.916 5.763 5.763 5.763 5.763 5.763 5.763 5.763 5.763 5.763 5.763 5.763 5.763 5.217 5.338 5.396 5.763 5.763 5.763
 5.763 5.763 5.763 5.763 5.763 5.763 5.763 5.763 5.763 5.763 5.763 5.763 5.911 5.916 5.927 5.927 5.763 5.763 5.763 5.763 5.763 5.763 5.751 5.673 5.549 5.404 5.065 5.452 5.307 5.763 5.763 5.763
 5.763 5.763 5.763 5.763 5.763 5.763 5.763 5.763 5.763 5.763 5.763 5.763 5.918 5.928 5.941 5.933 5.921 5.892 5.853 5.820 5.798 5.804 5.833 5.727 5.697 5.977 5.559 6.053 5.087 5.763 5.763 5.763
 5.763 5.763 5.763 5.763 5.763 5.763 5.763 5.763 5.763 5.763 5.763 5.917 5.927 5.947 5.963 5.953 5.937 5.899 5.847 5.803 5.763 5.776 5.932 6.085 6.208 6.314 6.010 5.392 4.608 5.763 5.763 5.763
 5.763 5.763 5.763 5.763 5.763 5.763 5.763 5.763 5.763 5.763 5.889 5.914 5.944 5.969 5.987 5.977 5.948 5.900 5.843 5.778 5.657 5.595 5.612 5.769 6.162 5.755 5.687 5.036 4.695 5.442 5.763 5.763
 5.763 5.763 5.763 5.763 5.763 5.763 5.763 5.763 5.763 5.856 5.878 5.922 5.971 5.995 6.007 5.992 5.943 5.890 5.846 5.808 5.609 5.427 5.142 5.484 6.087 5.809 6.226 5.266 4.904 5.763 5.763 5.763
 5.763 5.763 5.763 5.763 5.763 5.763 5.763 5.763 5.763 5.849 5.882 5.947 6.012 6.035 6.031 6.000 5.933 5.864 5.842 6.002 5.871 5.613 5.185 5.545 5.800 6.034 5.962 5.481 4.904 5.259 5.763 5.763
 5.763 5.763 5.763 5.763 5.763 5.763 5.763 5.763 5.763 5.843 5.895 5.978 6.055 6.087 6.062 6.007 5.926 5.793 5.541 5.767 5.853 5.727 5.521 5.515 5.540 5.631 5.561 5.516 4.816 4.583 5.363 5.763
 5.763 5.763 5.763 5.763 5.763 5.763 5.763 5.763 5.793 5.833 5.915 6.013 6.094 6.130 6.090 6.020 5.944 5.809 5.382 5.456 5.686 5.645 5.515 5.402 5.237 4.956 4.571 4.590 4.531 4.347 4.510 5.763
 5.763 5.763 5.763 5.763 5.763 5.763 5.763 5.749 5.783 5.841 5.946 6.053 6.121 6.137 6.091 6.014 5.965 6.082 5.962 5.732 5.786 5.663 5.514 5.363 5.144 4.694 4.340 4.419 5.090 4.707 4.713 5.763
 5.763 5.763 5.763 5.763 5.763 5.763 5.754 5.714 5.765 5.855 5.986 6.100 6.147 6.124 6.050 5.932 5.839 5.893 5.923 5.881 5.819 5.747 5.550 5.414 5.294 4.881 4.672 4.756 5.222 5.009 4.925 5.763
 5.763 5.763 5.763 5.763 5.763 5.763 5.665 5.695 5.762 5.878 6.026 6.142 6.174 6.103 5.966 5.716 5.600 5.699 5.679 5.773 5.849 5.815 5.681 5.573 5.184 4.868 4.774 4.783 5.160 5.180 5.763 5.763
 5.763 5.763 5.763 5.763 5.763 5.702 5.652 5.684 5.767 5.901 6.055 6.173 6.240 6.124 5.953 5.698 5.649 5.695 5.643 5.674 5.825 5.886 5.922 5.986 5.531 4.920 4.761 4.978 6.106 5.682 5.763 5.763
 5.763 5.763 5.763 5.763 5.746 5.614 5.644 5.704 5.804 5.930 6.060 6.179 6.343 6.170 6.056 5.814 5.820 5.680 5.797 5.795 5.976 6.038 6.051 5.915 5.267 4.708 4.644 5.200 6.018 5.763 5.763 5.763
 5.763 5.763 5.763 5.763 5.579 5.607 5.657 5.744 5.850 5.943 6.012 6.027 6.018 6.054 6.017 5.923 5.890 5.697 5.474 6.098 6.106 6.221 6.162 5.426 4.728 4.648 4.917 5.668 5.731 5.763 5.763 5.763
 5.763 5.763 5.763 5.541 5.567 5.609 5.676 5.770 5.867 5.915 5.851 5.734 5.955 6.061 6.151 5.899 5.926 5.834 6.294 6.077 6.098 6.201 5.458 4.851 4.722 4.955 5.171 5.668 5.763 5.763 5.763 5.763
 5.763 5.763 5.515 5.529 5.559 5.616 5.697 5.791 5.874 5.892 5.730 5.786 6.214 6.178 6.256 5.927 5.813 6.171 6.011 6.063 6.438 5.800 4.806 4.647 5.201 5.513 5.480 5.763 5.763 5.763 5.763 5.763
 5.763 5.763 5.500 5.510 5.542 5.609 5.699 5.804 5.897 5.972 6.019 6.050 6.289 5.929 5.670 5.848 6.007 6.029 6.112 6.239 5.970 5.461 4.927 5.006 5.404 5.420 5.656 5.763 5.763 5.763 5.763 5.763
 5.763 5.763 5.476 5.481 5.516 5.594 5.674 5.800 5.946 6.098 6.220 6.266 6.228 5.386 5.138 5.895 6.177 6.117 6.073 5.546 5.053 5.049 5.084 5.228 5.402 5.443 5.763 5.763 5.763 5.763 5.763 5.763
 5.763 5.763 5.465 5.454 5.480 5.554 5.585 5.758 5.997 6.117 6.209 6.239 5.861 4.927 5.137 5.842 6.012 6.001 5.909 5.332 4.926 5.094 5.261 5.373 5.455 5.488 5.763 5.763 5.763 5.763 5.763 5.763
 5.763 5.763 5.485 5.466 5.490 5.578 5.697 5.882 6.028 6.147 6.106 5.959 5.569 5.290 5.451 5.806 5.803 5.294 5.279 5.439 5.556 5.462 5.463 5.493 5.522 5.534 5.763 5.763 5.763 5.763 5.763 5.763
 5.763 5.763 5.536 5.536 5.584 5.698 5.889 6.051 6.237 6.307 5.836 5.613 5.435 5.335 5.510 5.842 5.854 5.347 5.274 5.607 5.924 5.669 5.593 5.577 5.575 5.575 5.586 5.763 5.763 5.763 5.763 5.763
 5.763 5.763 5.597 5.612 5.660 5.736 5.822 5.885 6.077 5.830 5.309 5.468 5.679 5.695 5.812 5.879 5.734 5.552 5.493 5.525 5.825 5.683 5.628 5.612 5.599 5.592 5.591 5.696 5.763 5.763 5.763 5.763
 5.763 5.763 5.643 5.658 5.688 5.731 5.785 5.801 5.755 5.524 5.337 5.621 5.879 5.989 5.908 5.792 5.705 5.660 5.747 5.578 5.680 5.635 5.606 5.610 5.605 5.599 5.595 5.594 5.763 5.763 5.763 5.763
 5.763 5.763 5.675 5.688 5.704 5.727 5.760 5.774 5.775 5.824 5.830 5.899 5.871 5.943 5.943 5.852 5.701 5.605 5.745 5.666 5.661 5.614 5.580 5.586 5.598 5.598 5.595 5.594 5.593 5.763 5.763 5.763
 5.763 5.763 5.694 5.704 5.716 5.733 5.758 5.783 5.800 5.838 5.849 5.879 5.898 5.908 5.798 5.895 5.903 5.748 5.648 5.607 5.628 5.606 5.574 5.567 5.584 5.593 5.595 5.594 5.591 5.763 5.763 5.763
 5.763 5.763 5.704 5.711 5.722 5.740 5.764 5.785 5.794 5.804 5.827 5.863 5.903 5.902 5.721 5.803 5.726 5.663 5.619 5.597 5.616 5.601 5.573 5.561 5.569 5.763 5.763 5.763 5.763 5.763 5.763 5.763
 5.763 5.763 5.708 5.715 5.726 5.744 5.761 5.773 5.781 5.793 5.818 5.857 5.926 5.906 5.689 5.756 5.707 5.659 5.635 5.623 5.763 5.763 5.564 5.561 5.763 5.763 5.763 5.763 5.763 5.763 5.763 5.763
 5.763 5.763 5.763 5.717 5.722 5.763 5.763 5.763 5.763 5.763 5.763 5.849 5.862 5.838 5.760 5.757 5.763 5.763 5.763 5.763 5.763 5.763 5.763 5.763 5.763 5.763 5.763 5.763 5.763 5.763 5.763 5.763
 5.763 5.763 5.763 5.763 5.763 5.763 5.763 5.763 5.763 5.763 5.763 5.763 5.763 5.763 5.763 5.763 5.763 5.763 5.763 5.763 5.763 5.763 5.763 5.763 5.763 5.763 5.763 5.763 5.763 5.763 5.763 5.763
 5.829 5.829 5.829 5.829 5.829 5.829 5.829 5.829 5.829 5.829 5.829 5.829 5.829 5.829 5.829 5.829 5.829 5.829 5.829 5.829 5.829 5.829 5.829 5.829 5.829 5.829 5.829 5.829 5.829 5.829 5.829 5.829
 5.829 5.829 5.829 5.829 5.829 5.829 5.829 5.829 5.829 5.829 5.829 5.829 5.829 5.829 5.829 5.829 5.829 5.829 5.829 5.829 5.829 5.829 5.829 5.829 5.829 5.829 5.829 5.829 5.829 5.829 5.829 5.829
 5.829 5.829 5.829 5.829 5.829 5.829 5.829 5.829 5.829 5.829 5.829 5.829 5.829 5.829 5.829 5.829 5.829 5.829 5.829 5.829 5.829 5.829 5.829 5.829 5.829 5.829 5.347 5.494 5.535 5.829 5.829 5.829
 5.829 5.829 5.829 5.829 5.829 5.829 5.829 5.829 5.829 5.829 5.829 5.829 5.947 5.944 5.947 5.946 5.829 5.829 5.829 5.829 5.829 5.829 5.884 5.806 5.629 5.419 5.176 5.582 5.550 5.829 5.829 5.829
 5.829 5.829 5.829 5.829 5.829 5.829 5.829 5.829 5.829 5.829 5.829 5.829 5.946 5.949 5.955 5.947 5.938 5.918 5.894 5.878 5.880 5.917 5.980 5.921 5.808 5.635 5.597 6.204 5.496 5.829 5.829 5.829
 5.829 5.829 5.829 5.829 5.829 5.829 5.829 5.829 5.829 5.829 5.829 5.945 5.950 5.960 5.968 5.960 5.947 5.920 5.887 5.861 5.847 5.901 6.188 6.358 6.542 6.093 6.102 5.606 5.071 5.829 5.829 5.829
 5.829 5.829 5.829 5.829 5.829 5.829 5.829 5.829 5.829 5.829 5.929 5.944 5.962 5.974 5.983 5.975 5.953 5.919 5.878 5.829 5.740 5.684 5.808 6.053 6.478 5.953 5.873 5.303 4.972 5.241 5.829 5.829
 5.829 5.829 5.829 5.829 5.829 5.829 5.829 5.829 5.829 5.909 5.923 5.952 5.983 5.995 6.000 5.986 5.950 5.910 5.875 5.835 5.707 5.559 5.300 5.788 6.260 6.100 6.237 5.604 5.049 5.574 5.829 5.829
 5.829 5.829 5.829 5.829 5.829 5.829 5.829 5.829 5.829 5.906 5.929 5.974 6.017 6.031 6.023 5.996 5.946 5.893 5.874 5.923 5.924 5.763 5.408 5.825 5.937 6.150 5.804 5.540 4.981 5.316 5.829 5.829
 5.829 5.829 5.829 5.829 5.829 5.829 5.829 5.829 5.829 5.904 5.943 6.003 6.058 6.086 6.055 6.008 5.946 5.845 5.679 5.798 6.015 5.939 5.802 5.787 5.815 5.867 5.622 5.568 4.899 4.680 5.478 5.829
 5.829 5.829 5.829 5.829 5.829 5.829 5.829 5.829 5.872 5.901 5.962 6.034 6.100 6.154 6.087 6.026 5.968 5.842 5.579 5.606 5.962 5.941 5.801 5.673 5.485 5.205 4.972 5.049 4.871 4.608 4.845 5.829
 5.829 5.829 5.829 5.829 5.829 5.829 5.829 5.829 5.867 5.910 5.988 6.068 6.123 6.138 6.091 6.034 6.021 6.073 5.996 5.850 6.149 5.941 5.780 5.633 5.422 4.956 4.730 4.696 5.350 5.144 5.070 5.829
 5.829 5.829 5.829 5.829 5.829 5.829 5.829 5.819 5.856 5.924 6.021 6.106 6.147 6.130 6.068 5.974 5.892 6.035 6.108 5.889 5.699 5.956 5.766 5.616 5.591 5.167 4.976 5.039 5.391 5.385 5.242 5.829
 5.829 5.829 5.829 5.829 5.829 5.829 5.781 5.806 5.857 5.945 6.055 6.144 6.183 6.140 6.036 5.878 5.703 5.812 5.832 5.882 5.791 5.972 5.840 5.646 5.387 5.133 5.040 5.040 5.531 5.609 5.829 5.829
 5.829 5.829 5.829 5.829 5.829 5.821 5.774 5.799 5.863 5.965 6.081 6.177 6.275 6.212 6.043 5.872 5.782 5.827 5.790 5.838 5.858 6.053 6.177 6.103 5.674 5.111 4.968 5.284 6.230 5.887 5.829 5.829
 5.829 5.829 5.829 5.829 5.829 5.745 5.770 5.818 5.895 5.992 6.086 6.167 6.325 6.281 6.129 5.923 5.924 5.815 5.822 5.815 6.044 6.347 6.336 5.994 5.351 4.875 4.887 5.476 6.065 5.829 5.829 5.829
 5.829 5.829 5.829 5.829 5.719 5.741 5.782 5.852 5.934 6.007 6.065 6.047 5.993 6.098 6.062 5.998 6.034 5.789 5.510 6.003 6.088 6.483 6.465 5.527 4.803 4.860 5.209 5.562 5.840 5.829 5.829 5.829
 5.829 5.829 5.829 5.690 5.711 5.745 5.800 5.873 5.948 5.987 5.969 5.850 5.977 6.088 6.182 5.886 5.975 6.090 6.163 5.928 5.997 5.959 5.362 4.947 4.933 5.337 5.490 5.796 5.829 5.829 5.829 5.829
 5.829 5.829 5.659 5.679 5.707 5.754 5.818 5.891 5.950 5.954 5.851 5.913 6.175 6.189 6.237 5.882 5.817 6.194 5.993 5.951 6.109 5.860 5.056 4.940 5.439 5.760 5.710 5.829 5.829 5.829 5.829 5.829
 5.829 5.829 5.656 5.668 5.698 5.753 5.823 5.908 5.968 6.016 6.075 6.071 6.231 5.956 5.667 5.838 6.087 5.935 6.040 6.231 6.038 5.645 5.087 5.225 5.614 5.573 5.829 5.829 5.829 5.829 5.829 5.829
 5.829 5.829 5.642 5.650 5.684 5.752 5.803 5.905 6.025 6.125 6.294 6.310 6.347 5.762 5.372 6.009 6.171 6.055 5.930 5.708 5.409 5.253 5.240 5.393 5.573 5.576 5.829 5.829 5.829 5.829 5.829 5.829
 5.829 5.829 5.636 5.632 5.667 5.741 5.758 5.877 6.069 6.144 6.302 6.310 5.944 5.176 5.399 5.934 6.074 6.133 5.961 5.534 5.358 5.341 5.444 5.528 5.599 5.619 5.829 5.829 5.829 5.829 5.829 5.829
 5.829 5.829 5.653 5.640 5.668 5.744 5.809 5.903 6.040 6.145 6.188 6.049 5.666 5.452 5.641 5.936 5.907 5.585 5.581 5.574 5.653 5.631 5.614 5.630 5.652 5.660 5.829 5.829 5.829 5.829 5.829 5.829
 5.829 5.829 5.695 5.696 5.739 5.835 5.982 6.052 6.177 6.315 6.006 5.773 5.615 5.530 5.719 5.981 5.945 5.497 5.493 5.795 6.074 5.812 5.724 5.701 5.696 5.696 5.706 5.829 5.829 5.829 5.829 5.829
 5.829 5.829 5.741 5.755 5.796 5.856 5.915 5.963 6.130 6.038 5.502 5.620 5.875 5.854 5.957 5.983 5.807 5.623 5.581 5.695 5.902 5.801 5.751 5.732 5.719 5.714 5.714 5.829 5.829 5.829 5.829 5.829
 5.829 5.829 5.773 5.786 5.810 5.840 5.870 5.902 5.919 5.729 5.563 5.717 5.985 6.069 6.018 5.933 5.786 5.772 5.820 5.708 5.795 5.759 5.734 5.733 5.728 5.722 5.719 5.719 5.829 5.829 5.829 5.829
 5.829 5.829 5.792 5.803 5.816 5.833 5.858 5.879 5.922 5.977 5.915 5.925 6.127 6.129 6.026 5.943 5.795 5.742 5.817 5.784 5.777 5.740 5.712 5.715 5.723 5.722 5.721 5.719 5.716 5.829 5.829 5.829
 5.829 5.829 5.800 5.809 5.820 5.835 5.859 5.892 5.930 5.965 5.941 5.956 6.060 6.075 6.013 5.980 5.998 5.830 5.774 5.744 5.753 5.732 5.706 5.699 5.711 5.716 5.719 5.718 5.755 5.829 5.829 5.829
 5.829 5.829 5.800 5.810 5.820 5.837 5.863 5.888 5.905 5.917 5.931 5.970 6.040 6.010 5.862 5.918 5.852 5.757 5.720 5.721 5.738 5.726 5.703 5.693 5.699 5.829 5.829 5.829 5.829 5.829 5.829 5.829
 5.829 5.829 5.801 5.809 5.820 5.838 5.858 5.875 5.888 5.902 5.925 5.964 6.041 5.963 5.799 5.845 5.812 5.747 5.718 5.727 5.829 5.829 5.733 5.690 5.829 5.829 5.829 5.829 5.829 5.829 5.829 5.829
 5.829 5.829 5.829 5.806 5.813 5.829 5.829 5.829 5.829 5.829 5.829 5.946 5.953 5.914 5.847 5.835 5.860 5.829 5.774 5.773 5.829 5.829 5.829 5.829 5.829 5.829 5.829 5.829 5.829 5.829 5.829 5.829
 5.829 5.829 5.829 5.829 5.829 5.829 5.829 5.829 5.829 5.829 5.829 5.829 5.829 5.829 5.829 5.829 5.829 5.829 5.829 5.829 5.829 5.829 5.829 5.829 5.829 5.829 5.829 5.829 5.829 5.829 5.829 5.829
 5.894 5.894 5.894 5.894 5.894 5.894 5.894 5.894 5.894 5.894 5.894 5.894 5.894 5.894 5.894 5.894 5.894 5.894 5.894 5.894 5.894 5.894 5.894 5.894 5.894 5.894 5.894 5.894 5.894 5.894 5.894 5.894
 5.894 5.894 5.894 5.894 5.894 5.894 5.894 5.894 5.894 5.894 5.894 5.894 5.894 5.894 5.894 5.894 5.894 5.894 5.894 5.894 5.894 5.894 5.894 5.894 5.894 5.894 5.894 5.894 5.894 5.894 5.894 5.894
 5.894 5.894 5.894 5.894 5.894 5.894 5.894 5.894 5.894 5.894 5.894 5.894 5.894 5.894 5.894 5.894 5.894 5.894 5.894 5.894 5.894 5.894 5.894 5.894 5.894 5.894 5.520 5.657 5.704 5.894 5.894 5.894
 5.894 5.894 5.894 5.894 5.894 5.894 5.894 5.894 5.894 5.894 5.894 5.894 5.894 5.977 5.978 5.976 5.894 5.894 5.894 5.894 5.894 5.894 5.992 5.918 5.724 5.474 5.371 5.731 5.773 5.894 5.894 5.894
 5.894 5.894 5.894 5.894 5.894 5.894 5.894 5.894 5.894 5.894 5.894 5.894 5.972 5.982 5.982 5.976 5.968 5.956 5.943 5.940 5.957 6.010 6.095 6.073 5.891 5.450 5.828 6.290 5.869 6.038 5.894 5.894
 5.894 5.894 5.894 5.894 5.894 5.894 5.894 5.894 5.894 5.894 5.894 5.983 5.986 5.988 5.990 5.983 5.974 5.956 5.935 5.923 5.927 5.996 6.351 6.598 6.689 5.738 6.219 5.799 5.588 6.012 5.894 5.894
 5.894 5.894 5.894 5.894 5.894 5.894 5.894 5.894 5.894 5.894 5.975 5.984 5.994 6.000 6.002 5.994 5.977 5.952 5.923 5.889 5.833 5.760 6.035 6.405 6.665 5.902 6.192 5.530 5.165 5.182 5.884 5.894
 5.894 5.894 5.894 5.894 5.894 5.894 5.894 5.894 5.894 5.964 5.973 5.992 6.012 6.019 6.019 6.005 5.977 5.946 5.914 5.871 5.791 5.707 5.566 5.918 6.267 6.044 6.106 5.773 5.274 5.435 5.845 5.894
 5.894 5.894 5.894 5.894 5.894 5.894 5.894 5.894 5.894 5.965 5.982 6.014 6.045 6.061 6.046 6.019 5.978 5.938 5.914 5.873 5.897 5.903 5.671 5.932 5.913 5.996 5.733 5.608 5.146 5.248 5.894 5.894
 5.894 5.894 5.894 5.894 5.894 5.894 5.894 5.894 5.894 5.968 5.997 6.043 6.093 6.148 6.090 6.038 5.986 5.916 5.837 5.840 6.005 6.047 6.042 5.981 5.995 6.073 5.684 5.597 5.081 4.917 5.099 5.894
 5.894 5.894 5.894 5.894 5.894 5.894 5.894 5.894 5.947 5.969 6.016 6.076 6.140 6.205 6.122 6.059 6.005 5.895 5.731 5.897 6.162 6.218 6.093 5.905 5.658 5.449 5.339 5.418 5.221 5.005 5.184 5.894
 5.894 5.894 5.894 5.894 5.894 5.894 5.894 5.894 5.948 5.980 6.041 6.112 6.198 6.219 6.130 6.070 6.057 6.032 5.959 5.936 6.301 6.207 6.049 5.911 5.674 5.155 5.145 5.076 5.636 5.530 5.436 5.894
 5.894 5.894 5.894 5.894 5.894 5.894 5.894 5.917 5.944 5.994 6.068 6.141 6.212 6.181 6.114 6.032 5.943 6.072 6.187 5.846 5.649 6.078 5.953 5.805 5.897 5.444 5.291 5.353 5.544 5.654 5.598 5.894
 5.894 5.894 5.894 5.894 5.894 5.894 5.890 5.909 5.949 6.013 6.094 6.165 6.215 6.198 6.111 6.004 5.845 5.848 5.956 5.923 5.801 5.982 5.886 5.719 5.627 5.385 5.368 5.500 5.929 5.890 5.822 5.894
 5.894 5.894 5.894 5.894 5.894 5.894 5.886 5.908 5.957 6.032 6.114 6.189 6.295 6.317 6.133 6.002 5.913 5.904 5.896 5.978 5.833 6.099 6.266 6.151 5.847 5.289 5.211 5.661 6.286 6.039 5.894 5.894
 5.894 5.894 5.894 5.894 5.894 5.865 5.885 5.925 5.983 6.054 6.119 6.169 6.288 6.338 6.169 6.021 5.983 5.918 5.948 5.940 6.018 6.445 6.569 5.901 5.425 5.100 5.208 5.787 6.149 5.894 5.894 5.894
 5.894 5.894 5.894 5.894 5.844 5.862 5.898 5.954 6.016 6.072 6.114 6.075 6.007 6.129 6.082 6.050 6.009 5.818 5.607 6.183 5.883 6.313 6.518 5.546 4.987 5.092 5.453 5.825 5.992 5.894 5.894 5.894
 5.894 5.894 5.894 5.822 5.839 5.868 5.913 5.972 6.030 6.067 6.089 5.979 6.002 6.145 6.172 5.926 6.035 6.206 6.151 6.059 5.856 5.829 5.452 5.165 5.299 5.793 5.823 5.867 5.894 5.894 5.894 5.894
 5.894 5.894 5.820 5.816 5.839 5.877 5.927 5.986 6.029 6.030 6.021 6.051 6.156 6.180 6.178 5.831 5.800 6.217 6.135 6.053 6.036 5.952 5.389 5.341 5.739 6.035 5.932 5.894 5.894 5.894 5.894 5.894
 5.894 5.894 5.796 5.808 5.835 5.881 5.934 6.005 6.041 6.061 6.141 6.074 6.185 6.057 5.784 5.812 6.104 5.948 5.954 6.014 6.058 5.800 5.349 5.541 5.820 5.801 5.876 5.894 5.894 5.894 5.894 5.894
 5.894 5.894 5.787 5.797 5.832 5.891 5.919 5.998 6.096 6.164 6.337 6.340 6.473 6.097 5.697 6.101 6.114 5.961 5.976 5.998 5.913 5.538 5.440 5.584 5.720 5.723 5.857 5.894 5.894 5.894 5.894 5.894
 5.894 5.894 5.784 5.787 5.830 5.904 5.906 6.006 6.139 6.206 6.358 6.324 6.032 5.560 5.793 6.033 6.074 6.130 6.013 5.747 5.902 5.682 5.670 5.697 5.739 5.750 5.894 5.894 5.894 5.894 5.894 5.894
 5.894 5.894 5.800 5.795 5.830 5.914 5.936 5.978 6.112 6.169 6.248 6.124 5.770 5.634 5.831 6.028 5.985 5.994 5.903 5.720 5.798 5.820 5.781 5.770 5.777 5.780 5.894 5.894 5.894 5.894 5.894 5.894
 5.894 5.894 5.833 5.839 5.880 5.972 6.107 6.160 6.203 6.331 6.161 5.933 5.827 5.730 5.923 6.079 5.971 5.750 5.733 5.908 6.106 5.932 5.849 5.818 5.809 5.807 5.814 5.894 5.894 5.894 5.894 5.894
 5.894 5.894 5.869 5.884 5.920 5.972 6.036 6.088 6.140 6.176 5.755 5.770 6.040 6.035 6.020 6.004 5.834 5.697 5.701 5.880 5.981 5.905 5.860 5.840 5.828 5.824 5.824 5.894 5.894 5.894 5.894 5.894
 5.894 5.894 5.888 5.901 5.920 5.939 5.960 6.031 6.060 5.896 5.794 5.823 5.975 6.076 6.046 5.985 5.806 5.835 5.865 5.843 5.882 5.862 5.843 5.842 5.836 5.831 5.831 5.832 5.894 5.894 5.894 5.894
 5.894 5.894 5.896 5.905 5.916 5.927 5.941 5.980 6.035 6.050 5.953 5.856 6.028 6.145 6.100 5.933 5.882 5.850 5.871 5.865 5.860 5.843 5.825 5.827 5.832 5.831 5.833 5.832 5.827 5.894 5.894 5.894
 5.894 5.894 5.895 5.905 5.914 5.925 5.945 5.988 6.034 6.048 6.002 5.981 6.088 6.157 6.110 6.064 5.958 5.891 5.892 5.890 5.864 5.841 5.820 5.813 5.821 5.850 5.831 5.832 5.894 5.894 5.894 5.894
 5.894 5.894 5.898 5.904 5.911 5.923 5.944 5.981 6.001 6.008 6.017 6.061 6.124 6.045 5.911 5.976 5.930 5.869 5.853 5.862 5.855 5.838 5.818 5.808 5.812 5.894 5.894 5.894 5.894 5.894 5.894 5.894
 5.894 5.894 5.898 5.902 5.907 5.923 5.942 5.964 5.981 5.994 6.015 6.056 6.097 6.004 5.898 5.915 5.911 5.865 5.849 5.853 5.894 5.894 5.860 5.804 5.894 5.894 5.894 5.894 5.894 5.894 5.894 5.894
 5.894 5.894 5.894 5.894 5.898 5.894 5.894 5.894 5.894 5.894 5.894 5.977 6.025 5.980 5.929 5.913 5.871 5.900 5.851 5.876 5.894 5.894 5.894 5.894 5.894 5.894 5.894 5.894 5.894 5.894 5.894 5.894
 5.894 5.894 5.894 5.894 5.894 5.894 5.894 5.894 5.894 5.894 5.894 5.894 5.894 5.894 5.894 5.894 5.894 5.894 5.894 5.894 5.894 5.894 5.894 5.894 5.894 5.894 5.894 5.894 5.894 5.894 5.894 5.894
 5.960 5.960 5.960 5.960 5.960 5.960 5.960 5.960 5.960 5.960 5.960 5.960 5.960 5.960 5.960 5.960 5.960 5.960 5.960 5.960 5.960 5.960 5.960 5.960 5.960 5.960 5.960 5.960 5.960 5.960 5.960 5.960
 5.960 5.960 5.960 5.960 5.960 5.960 5.960 5.960 5.960 5.960 5.960 5.960 5.960 5.960 5.960 5.960 5.960 5.960 5.960 5.960 5.960 5.960 5.960 5.960 5.960 5.960 5.960 5.960 5.960 5.960 5.960 5.960
 5.960 5.960 5.960 5.960 5.960 5.960 5.960 5.960 5.960 5.960 5.960 5.960 5.960 5.960 5.960 5.960 5.960 5.960 5.960 5.960 5.960 5.960 5.960 5.960 5.960 5.960 5.713 5.816 5.730 5.960 5.960 5.960
 5.960 5.960 5.960 5.960 5.960 5.960 5.960 5.960 5.960 5.960 5.960 5.960 5.960 6.017 6.017 6.017 5.960 5.960 5.960 5.960 5.960 5.960 5.960 5.983 5.823 5.596 5.659 5.909 5.982 5.960 5.960 5.960
 5.960 5.960 5.960 5.960 5.960 5.960 5.960 5.960 5.960 5.960 5.960 5.960 5.960 6.020 6.019 6.015 6.009 6.002 5.998 6.004 6.027 6.081 6.169 6.166 5.959 5.525 6.181 6.396 6.106 6.065 5.960 5.960
 5.960 5.960 5.960 5.960 5.960 5.960 5.960 5.960 5.960 5.960 5.960 6.028 6.029 6.026 6.025 6.020 6.013 6.001 5.991 5.990 6.007 6.069 6.312 6.664 6.454 5.655 6.099 6.168 5.971 5.877 5.960 5.960
 5.960 5.960 5.960 5.960 5.960 5.960 5.960 5.960 5.960 5.960 6.027 6.030 6.036 6.037 6.036 6.028 6.015 5.997 5.978 5.959 5.943 5.930 6.194 6.251 6.570 5.920 6.258 5.840 5.280 5.362 5.720 5.960
 5.960 5.960 5.960 5.960 5.960 5.960 5.960 5.960 5.960 6.021 6.028 6.040 6.052 6.057 6.054 6.040 6.017 5.992 5.963 5.922 5.874 5.891 5.862 5.804 6.165 6.123 6.024 5.756 5.410 5.339 5.672 5.960
 5.960 5.960 5.960 5.960 5.960 5.960 5.960 5.960 5.960 6.027 6.038 6.060 6.084 6.101 6.090 6.060 6.024 5.989 5.955 5.867 5.835 6.018 5.890 5.870 5.854 6.039 5.694 5.511 5.318 5.258 5.911 5.960
 5.960 5.960 5.960 5.960 5.960 5.960 5.960 5.960 5.960 6.033 6.055 6.090 6.133 6.197 6.169 6.090 6.039 5.991 5.948 5.829 5.857 6.019 6.104 6.049 5.996 6.066 5.610 5.511 5.275 5.172 5.376 5.960
 5.960 5.960 5.960 5.960 5.960 5.960 5.960 5.960 6.020 6.040 6.073 6.122 6.184 6.256 6.206 6.114 6.057 5.974 5.884 6.093 6.119 6.280 6.313 6.083 5.804 5.787 5.663 5.653 5.565 5.484 5.529 5.960
 5.960 5.960 5.960 5.960 5.960 5.960 5.960 5.960 6.027 6.050 6.095 6.156 6.247 6.269 6.187 6.126 6.097 5.998 5.947 5.988 6.136 6.201 6.218 6.214 5.962 5.463 5.614 5.685 6.015 5.911 5.870 5.960
 5.960 5.960 5.960 5.960 5.960 5.960 5.960 6.011 6.029 6.065 6.118 6.179 6.253 6.232 6.180 6.118 6.055 6.037 6.136 5.971 5.754 6.037 6.083 6.012 6.179 5.694 5.594 5.648 5.778 5.841 5.872 5.960
 5.960 5.960 5.960 5.960 5.960 5.960 5.982 6.012 6.039 6.083 6.139 6.196 6.247 6.261 6.204 6.144 6.051 5.884 6.085 5.966 5.965 5.971 5.818 5.882 6.032 5.684 5.663 5.664 5.981 6.031 5.873 5.960
 5.960 5.960 5.960 5.960 5.960 5.960 5.994 6.014 6.050 6.101 6.155 6.210 6.304 6.401 6.235 6.108 5.998 5.892 6.024 6.046 5.857 6.035 5.999 6.131 6.039 5.536 5.472 5.939 6.397 6.182 5.960 5.960
 5.960 5.960 5.960 5.960 5.960 5.977 5.995 6.027 6.071 6.121 6.161 6.191 6.271 6.279 6.183 6.072 6.001 5.927 6.031 6.088 6.071 6.159 6.388 5.898 5.545 5.362 5.483 6.077 6.308 5.960 5.960 5.960
 5.960 5.960 5.960 5.960 5.961 5.976 6.007 6.051 6.099 6.143 6.169 6.130 6.075 6.156 6.092 6.080 5.947 5.891 5.727 6.212 5.984 6.009 6.264 5.576 5.352 5.366 5.663 6.077 6.069 5.960 5.960 5.960
 5.960 5.960 5.960 5.943 5.958 5.981 6.019 6.066 6.114 6.160 6.201 6.100 6.048 6.196 6.165 6.038 6.096 6.206 6.220 6.295 6.028 5.986 5.764 5.542 5.775 6.223 6.069 6.150 5.960 5.960 5.960 5.960
 5.960 5.960 5.943 5.941 5.959 5.989 6.028 6.075 6.112 6.126 6.204 6.154 6.187 6.192 6.123 5.814 5.806 6.116 6.213 6.142 6.089 6.092 5.756 5.768 6.058 6.253 6.135 5.960 5.960 5.960 5.960 5.960
 5.960 5.960 5.923 5.934 5.957 5.994 6.035 6.093 6.115 6.120 6.260 6.102 6.217 6.153 5.858 5.856 6.125 6.035 5.954 5.967 6.119 5.932 5.674 5.850 5.991 6.048 6.103 5.960 5.960 5.960 5.960 5.960
 5.960 5.960 5.917 5.928 5.960 6.006 6.028 6.088 6.157 6.220 6.353 6.325 6.575 6.292 5.994 6.176 6.088 6.041 6.166 6.315 6.518 5.853 5.645 5.806 5.840 5.855 5.934 5.960 5.960 5.960 5.960 5.960
 5.960 5.960 5.917 5.923 5.964 6.034 6.032 6.108 6.196 6.257 6.372 6.332 6.180 5.980 6.198 6.151 6.048 6.136 6.065 5.990 6.386 6.028 5.904 5.864 5.858 5.875 5.960 5.960 5.960 5.960 5.960 5.960
 5.960 5.960 5.929 5.929 5.953 6.005 6.017 6.063 6.177 6.220 6.302 6.206 5.889 5.855 6.004 6.061 6.033 6.356 6.148 5.980 6.088 6.029 5.955 5.902 5.888 5.889 5.960 5.960 5.960 5.960 5.960 5.960
 5.960 5.960 5.955 5.963 5.997 6.072 6.160 6.246 6.274 6.365 6.264 6.045 5.974 5.884 6.000 6.082 5.998 6.122 6.001 6.050 6.070 6.022 5.962 5.924 5.909 5.907 5.950 5.960 5.960 5.960 5.960 5.960
 5.960 5.960 5.981 5.997 6.027 6.067 6.116 6.178 6.192 6.226 6.017 5.912 6.175 6.214 6.128 6.059 5.877 5.875 5.938 6.046 6.011 5.977 5.951 5.934 5.924 5.923 5.927 5.960 5.960 5.960 5.960 5.960
 5.960 5.960 5.992 6.004 6.018 6.029 6.050 6.134 6.127 5.982 6.000 5.991 5.926 6.036 6.047 5.957 5.829 5.909 5.947 6.008 5.960 5.946 5.935 5.935 5.931 5.931 5.934 5.935 5.960 5.960 5.960 5.960
 5.960 5.960 5.993 5.999 6.008 6.016 6.033 6.081 6.098 6.084 6.003 5.872 5.780 5.911 6.150 6.019 5.954 5.909 5.940 5.979 5.944 5.932 5.921 5.924 5.929 5.932 5.936 5.935 5.924 5.960 5.960 5.960
 5.960 5.960 5.979 5.996 6.002 6.013 6.030 6.061 6.106 6.120 6.063 5.995 5.975 5.975 6.111 6.117 5.988 5.935 5.992 6.002 5.952 5.933 5.918 5.913 5.918 5.960 5.936 5.936 5.960 5.960 5.960 5.960
 5.960 5.960 5.960 5.991 5.995 6.005 6.014 6.052 6.079 6.091 6.106 6.152 6.103 6.052 6.005 6.001 6.004 5.967 5.982 5.972 5.949 5.933 5.919 5.910 5.912 5.960 5.960 5.960 5.960 5.960 5.960 5.960
 5.960 5.960 5.960 5.989 5.992 6.003 6.016 6.040 6.059 6.075 6.094 6.119 6.094 6.044 5.991 5.975 5.999 5.984 5.984 5.963 5.960 5.960 5.960 5.906 5.960 5.960 5.960 5.960 5.960 5.960 5.960 5.960
 5.960 5.960 5.960 5.960 5.960 5.960 5.960 5.960 5.960 5.960 5.960 6.007 6.068 6.037 6.006 5.947 5.960 5.960 5.974 5.963 5.960 5.960 5.960 5.960 5.960 5.960 5.960 5.960 5.960 5.960 5.960 5.960
 5.960 5.960 5.960 5.960 5.960 5.960 5.960 5.960 5.960 5.960 5.960 5.960 5.960 5.960 5.960 5.960 5.960 5.960 5.960 5.960 5.960 5.960 5.960 5.960 5.960 5.960 5.960 5.960 5.960 5.960 5.960 5.960
 6.026 6.026 6.026 6.026 6.026 6.026 6.026 6.026 6.026 6.026 6.026 6.026 6.026 6.026 6.026 6.026 6.026 6.026 6.026 6.026 6.026 6.026 6.026 6.026 6.026 6.026 6.026 6.026 6.026 6.026 6.026 6.026
 6.026 6.026 6.026 6.026 6.026 6.026 6.026 6.026 6.026 6.026 6.026 6.026 6.026 6.026 6.026 6.026 6.026 6.026 6.026 6.026 6.026 6.026 6.026 6.026 6.026 6.026 6.026 6.026 6.026 6.026 6.026 6.026
 6.026 6.026 6.026 6.026 6.026 6.026 6.026 6.026 6.026 6.026 6.026 6.026 6.026 6.026 6.026 6.026 6.026 6.026 6.026 6.026 6.026 6.026 6.026 6.026 6.026 6.026 5.920 6.039 5.868 6.026 6.026 6.026
 6.026 6.026 6.026 6.026 6.026 6.026 6.026 6.026 6.026 6.026 6.026 6.026 6.026 6.060 6.059 6.046 6.026 6.026 6.026 6.026 6.026 6.026 6.026 5.941 5.809 5.670 5.837 6.143 6.205 6.026 6.026 6.026
 6.026 6.026 6.026 6.026 6.026 6.026 6.026 6.026 6.026 6.026 6.026 6.026 6.026 6.061 6.059 6.057 6.054 6.051 6.053 6.065 6.091 6.128 6.157 6.138 5.876 5.561 6.212 6.491 6.333 5.965 6.026 6.026
 6.026 6.026 6.026 6.026 6.026 6.026 6.026 6.026 6.026 6.026 6.026 6.075 6.073 6.068 6.063 6.060 6.055 6.049 6.048 6.058 6.092 6.155 6.212 6.517 6.203 5.717 6.099 6.528 6.283 5.969 6.026 6.026
 6.026 6.026 6.026 6.026 6.026 6.026 6.026 6.026 6.026 6.026 6.079 6.079 6.080 6.077 6.073 6.066 6.057 6.045 6.036 6.039 6.082 6.237 6.479 6.323 6.403 5.843 6.419 6.248 5.534 5.573 5.701 6.026
 6.026 6.026 6.026 6.026 6.026 6.026 6.026 6.026 6.026 6.053 6.083 6.088 6.094 6.095 6.089 6.077 6.060 6.040 6.017 5.991 5.998 6.133 6.236 5.986 6.229 6.252 6.026 5.760 5.469 5.461 5.803 6.026
 6.026 6.026 6.026 6.026 6.026 6.026 6.026 6.026 6.026 6.089 6.094 6.106 6.121 6.134 6.120 6.096 6.070 6.041 6.000 5.905 5.867 6.072 6.076 5.821 5.890 6.115 5.585 5.493 5.590 5.432 6.026 6.026
 6.026 6.026 6.026 6.026 6.026 6.026 6.026 6.026 6.026 6.096 6.108 6.132 6.166 6.222 6.173 6.126 6.089 6.060 6.006 5.805 5.845 5.991 6.129 6.082 5.980 5.923 5.591 5.473 5.475 5.418 5.663 6.026
 6.026 6.026 6.026 6.026 6.026 6.026 6.026 6.026 6.074 6.105 6.126 6.161 6.211 6.280 6.237 6.159 6.115 6.065 6.029 6.042 6.061 6.389 6.306 6.159 5.930 5.976 5.859 5.869 5.898 6.016 5.888 6.026
 6.026 6.026 6.026 6.026 6.026 6.026 6.026 6.026 6.103 6.116 6.146 6.191 6.268 6.295 6.231 6.185 6.154 6.028 5.995 6.078 6.212 6.108 6.235 6.345 6.087 5.927 5.974 6.083 6.309 6.208 6.026 6.026
 6.026 6.026 6.026 6.026 6.026 6.026 6.026 6.095 6.110 6.132 6.167 6.215 6.280 6.273 6.246 6.214 6.197 6.068 6.046 6.117 5.995 6.173 6.266 6.239 6.162 5.858 5.860 5.976 5.977 6.109 6.120 6.026
 6.026 6.026 6.026 6.026 6.026 6.026 6.026 6.107 6.123 6.150 6.189 6.255 6.277 6.316 6.296 6.242 6.227 6.022 6.101 6.007 6.154 6.146 5.842 6.163 6.304 5.997 5.895 5.780 6.307 6.238 5.941 6.026
 6.026 6.026 6.026 6.026 6.026 6.026 6.098 6.113 6.138 6.168 6.200 6.240 6.305 6.407 6.312 6.173 6.086 5.956 6.114 6.230 5.942 6.058 5.938 6.268 6.290 5.977 5.789 6.096 6.537 6.009 6.026 6.026
 6.026 6.026 6.026 6.026 6.026 6.083 6.098 6.123 6.154 6.186 6.209 6.226 6.261 6.205 6.205 6.083 6.004 5.942 5.945 6.225 6.256 6.262 6.342 6.030 5.787 5.740 5.803 6.280 6.374 6.026 6.026 6.026
 6.026 6.026 6.026 6.026 6.067 6.082 6.108 6.143 6.179 6.215 6.230 6.207 6.165 6.198 6.103 6.104 5.928 6.000 5.837 6.183 6.074 6.072 6.115 5.869 5.849 5.739 5.922 6.260 6.164 6.026 6.026 6.026
 6.026 6.026 6.026 6.033 6.068 6.086 6.116 6.155 6.198 6.258 6.292 6.221 6.137 6.248 6.147 6.175 6.062 6.187 6.253 6.255 6.143 6.279 6.241 6.027 6.239 6.479 6.212 6.315 6.026 6.026 6.026 6.026
 6.026 6.026 6.026 6.057 6.068 6.090 6.119 6.159 6.199 6.244 6.364 6.261 6.264 6.230 6.040 5.861 5.958 6.201 6.350 6.204 6.122 6.103 6.059 6.126 6.340 6.420 6.247 6.026 6.026 6.026 6.026 6.026
 6.026 6.026 6.040 6.050 6.067 6.091 6.121 6.166 6.188 6.194 6.384 6.210 6.293 6.219 5.971 5.934 6.215 6.100 6.008 6.055 6.153 5.936 5.865 5.989 6.090 6.136 6.156 6.026 6.026 6.026 6.026 6.026
 6.026 6.026 6.037 6.047 6.070 6.096 6.114 6.165 6.209 6.276 6.344 6.302 6.565 6.382 6.277 6.239 6.155 6.100 6.159 6.319 6.748 6.020 5.788 5.954 5.871 5.917 6.026 6.026 6.026 6.026 6.026 6.026
 6.026 6.026 6.038 6.047 6.077 6.111 6.102 6.159 6.222 6.283 6.382 6.361 6.315 6.281 6.485 6.230 6.136 6.165 6.085 6.151 6.599 6.252 6.047 5.968 5.909 6.026 6.026 6.026 6.026 6.026 6.026 6.026
 6.026 6.026 6.047 6.052 6.072 6.102 6.083 6.122 6.190 6.242 6.350 6.262 5.984 6.155 6.216 6.114 6.068 6.370 6.176 6.205 6.408 6.227 6.076 5.995 5.964 5.973 6.026 6.026 6.026 6.026 6.026 6.026
 6.026 6.026 6.065 6.075 6.103 6.162 6.186 6.273 6.327 6.444 6.365 6.092 6.020 6.015 5.978 6.039 6.062 6.380 6.272 6.195 6.087 6.113 6.049 6.005 5.988 5.990 6.026 6.026 6.026 6.026 6.026 6.026
 6.026 6.026 6.082 6.098 6.121 6.155 6.190 6.262 6.309 6.260 6.172 6.100 6.158 6.297 6.123 6.067 6.024 6.128 6.190 6.118 5.987 6.026 6.020 6.009 6.004 6.009 6.017 6.026 6.026 6.026 6.026 6.026
 6.026 6.026 6.086 6.096 6.109 6.121 6.149 6.221 6.203 6.023 6.143 6.227 5.999 6.186 6.053 5.955 5.890 6.026 5.963 6.029 5.983 6.002 6.008 6.013 6.014 6.018 6.025 6.029 6.026 6.026 6.026 6.026
 6.026 6.026 6.082 6.085 6.092 6.100 6.121 6.155 6.138 6.129 6.096 6.037 5.976 6.041 6.155 6.077 5.963 5.955 5.988 6.022 5.991 6.000 6.001 6.008 6.014 6.021 6.029 6.032 6.030 6.026 6.026 6.026
 6.026 6.026 6.026 6.077 6.081 6.091 6.114 6.139 6.178 6.198 6.159 6.089 6.022 6.044 6.104 6.105 6.025 6.030 6.066 6.048 6.009 6.007 6.002 6.001 6.005 6.026 6.029 6.032 6.026 6.026 6.026 6.026
 6.026 6.026 6.026 6.069 6.072 6.080 6.093 6.121 6.150 6.172 6.200 6.202 6.100 6.075 6.024 6.017 6.050 6.083 6.092 6.045 6.020 6.012 6.005 6.000 6.001 6.026 6.026 6.026 6.026 6.026 6.026 6.026
 6.026 6.026 6.026 6.065 6.067 6.074 6.085 6.104 6.124 6.138 6.148 6.149 6.112 6.090 6.057 6.035 6.059 6.084 6.092 6.055 6.026 6.026 6.026 5.997 6.026 6.026 6.026 6.026 6.026 6.026 6.026 6.026
 6.026 6.026 6.026 6.026 6.026 6.026 6.026 6.026 6.026 6.026 6.026 6.026 6.105 6.089 6.069 6.026 6.026 6.026 6.091 6.037 6.026 6.026 6.026 6.026 6.026 6.026 6.026 6.026 6.026 6.026 6.026 6.026
 6.026 6.026 6.026 6.026 6.026 6.026 6.026 6.026 6.026 6.026 6.026 6.026 6.026 6.026 6.026 6.026 6.026 6.026 6.026 6.026 6.026 6.026 6.026 6.026 6.026 6.026 6.026 6.026 6.026 6.026 6.026 6.026
 6.091 6.091 6.091 6.091 6.091 6.091 6.091 6.091 6.091 6.091 6.091 6.091 6.091 6.091 6.091 6.091 6.091 6.091 6.091 6.091 6.091 6.091 6.091 6.091 6.091 6.091 6.091 6.091 6.091 6.091 6.091 6.091
 6.091 6.091 6.091 6.091 6.091 6.091 6.091 6.091 6.091 6.091 6.091 6.091 6.091 6.091 6.091 6.091 6.091 6.091 6.091 6.091 6.091 6.091 6.091 6.091 6.091 6.091 6.091 6.091 6.091 6.091 6.091 6.091
 6.091 6.091 6.091 6.091 6.091 6.091 6.091 6.091 6.091 6.091 6.091 6.091 6.091 6.091 6.091 6.091 6.091 6.091 6.091 6.091 6.091 6.091 6.091 6.091 6.091 6.091 6.109 6.221 6.000 6.091 6.091 6.091
 6.091 6.091 6.091 6.091 6.091 6.091 6.091 6.091 6.091 6.091 6.091 6.091 6.091 6.100 6.098 6.091 6.091 6.091 6.091 6.091 6.091 6.091 6.091 6.091 6.091 5.774 6.013 6.274 6.374 6.091 6.091 6.091
 6.091 6.091 6.091 6.091 6.091 6.091 6.091 6.091 6.091 6.091 6.091 6.091 6.091 6.102 6.098 6.096 6.095 6.095 6.102 6.123 6.141 6.158 6.145 6.062 5.794 5.637 6.365 6.404 6.516 6.057 6.091 6.091
 6.091 6.091 6.091 6.091 6.091 6.091 6.091 6.091 6.091 6.091 6.091 6.119 6.116 6.108 6.101 6.098 6.095 6.092 6.096 6.112 6.149 6.205 6.224 6.320 5.995 5.742 6.252 6.620 6.498 6.138 6.091 6.091
 6.091 6.091 6.091 6.091 6.091 6.091 6.091 6.091 6.091 6.091 6.127 6.124 6.121 6.116 6.109 6.103 6.096 6.088 6.085 6.097 6.160 6.323 6.508 6.489 6.450 5.818 6.529 6.605 5.951 5.820 5.868 6.091
 6.091 6.091 6.091 6.091 6.091 6.091 6.091 6.091 6.091 6.100 6.133 6.132 6.132 6.131 6.123 6.112 6.099 6.083 6.063 6.049 6.114 6.231 6.204 6.115 6.279 6.178 6.154 5.929 5.470 5.553 5.797 6.091
 6.091 6.091 6.091 6.091 6.091 6.091 6.091 6.091 6.091 6.144 6.143 6.146 6.153 6.162 6.148 6.130 6.110 6.085 6.039 5.933 5.930 6.051 6.113 5.940 6.045 6.268 5.677 5.652 5.663 5.527 6.091 6.091
 6.091 6.091 6.091 6.091 6.091 6.091 6.091 6.091 6.091 6.151 6.155 6.166 6.187 6.234 6.188 6.158 6.133 6.113 6.062 5.825 5.834 5.918 6.394 6.156 6.172 6.168 5.704 5.543 5.428 5.618 5.906 6.091
 6.091 6.091 6.091 6.091 6.091 6.091 6.091 6.091 6.121 6.162 6.170 6.188 6.220 6.280 6.228 6.195 6.167 6.133 6.154 6.064 6.104 6.466 6.296 6.044 6.009 6.071 6.043 6.143 6.136 6.358 6.158 6.091
 6.091 6.091 6.091 6.091 6.091 6.091 6.091 6.091 6.172 6.174 6.186 6.207 6.244 6.299 6.263 6.246 6.225 6.068 6.114 6.093 6.110 6.011 6.199 6.248 6.002 6.172 6.294 6.336 6.503 6.436 6.076 6.091
 6.091 6.091 6.091 6.091 6.091 6.091 6.091 6.165 6.183 6.190 6.203 6.226 6.259 6.297 6.316 6.334 6.376 6.135 6.086 6.139 6.103 6.168 6.326 6.245 5.991 5.966 6.176 6.256 6.320 6.326 5.965 6.091
 6.091 6.091 6.091 6.091 6.091 6.091 6.091 6.193 6.199 6.209 6.222 6.246 6.284 6.354 6.423 6.380 6.461 6.162 6.154 6.017 6.180 6.073 6.029 6.242 6.374 6.253 6.198 5.948 6.572 6.418 6.062 6.091
 6.091 6.091 6.091 6.091 6.091 6.091 6.195 6.205 6.218 6.229 6.240 6.260 6.304 6.387 6.350 6.222 6.166 6.011 6.090 6.282 6.013 6.018 6.155 6.234 6.374 6.340 6.081 6.075 6.447 6.081 6.091 6.091
 6.091 6.091 6.091 6.091 6.091 6.183 6.195 6.213 6.233 6.250 6.260 6.267 6.267 6.212 6.235 6.180 6.022 5.966 5.899 6.134 6.181 6.147 6.396 6.113 6.063 6.028 6.003 6.341 6.370 6.091 6.091 6.091
 6.091 6.091 6.091 6.091 6.113 6.184 6.204 6.229 6.255 6.283 6.296 6.296 6.233 6.245 6.135 6.192 5.972 6.156 5.959 6.105 5.978 6.028 6.061 6.282 6.316 6.090 6.069 6.308 6.091 6.091 6.091 6.091
 6.091 6.091 6.091 6.099 6.174 6.186 6.209 6.240 6.281 6.342 6.365 6.343 6.270 6.319 6.222 6.303 6.013 6.227 6.186 6.101 6.118 6.261 6.402 6.311 6.417 6.578 6.226 6.295 6.091 6.091 6.091 6.091
 6.091 6.091 6.091 6.165 6.171 6.185 6.204 6.239 6.292 6.367 6.459 6.422 6.390 6.302 6.063 6.004 6.058 6.192 6.392 6.253 6.135 6.055 6.148 6.212 6.347 6.377 6.184 6.091 6.091 6.091 6.091 6.091
 6.091 6.091 6.148 6.157 6.167 6.180 6.195 6.226 6.254 6.297 6.422 6.319 6.339 6.222 6.023 5.968 6.229 6.126 6.016 6.154 6.119 5.952 5.963 6.037 6.074 6.101 6.110 6.091 6.091 6.091 6.091 6.091
 6.091 6.091 6.147 6.155 6.168 6.174 6.166 6.185 6.207 6.340 6.369 6.296 6.510 6.454 6.433 6.283 6.182 6.055 6.088 6.185 6.346 5.985 5.869 6.001 5.902 5.968 6.091 6.091 6.091 6.091 6.091 6.091
 6.091 6.091 6.150 6.160 6.176 6.154 6.123 6.151 6.219 6.328 6.379 6.398 6.379 6.321 6.354 6.111 6.195 6.131 6.171 6.166 6.423 6.226 6.092 5.983 5.887 6.091 6.091 6.091 6.091 6.091 6.091 6.091
 6.091 6.091 6.154 6.163 6.175 6.153 6.099 6.111 6.226 6.351 6.399 6.318 6.109 6.322 6.227 6.140 6.123 6.188 6.202 6.245 6.303 6.264 6.105 6.024 5.995 6.024 6.091 6.091 6.091 6.091 6.091 6.091
 6.091 6.091 6.163 6.174 6.192 6.226 6.229 6.289 6.413 6.597 6.386 6.077 6.154 6.302 6.080 6.087 6.165 6.302 6.331 6.257 6.095 6.122 6.078 6.047 6.039 6.049 6.091 6.091 6.091 6.091 6.091 6.091
 6.091 6.091 6.173 6.186 6.204 6.226 6.246 6.321 6.397 6.304 6.168 6.146 6.163 6.283 6.196 6.181 6.227 6.192 6.207 6.173 5.977 6.049 6.065 6.063 6.066 6.078 6.094 6.091 6.091 6.091 6.091 6.091
 6.091 6.091 6.170 6.178 6.190 6.212 6.245 6.298 6.275 6.011 6.141 6.309 6.133 6.131 6.081 5.998 6.132 6.038 6.044 6.056 5.997 6.050 6.069 6.077 6.083 6.094 6.106 6.113 6.091 6.091 6.091 6.091
 6.091 6.091 6.161 6.161 6.165 6.177 6.203 6.226 6.160 6.115 6.107 6.121 6.110 6.105 6.147 6.160 6.017 5.975 6.072 6.058 6.020 6.056 6.070 6.080 6.089 6.100 6.112 6.119 6.091 6.091 6.091 6.091
 6.091 6.091 6.091 6.147 6.148 6.155 6.169 6.198 6.203 6.202 6.169 6.130 6.085 6.107 6.138 6.172 6.100 6.102 6.120 6.109 6.064 6.073 6.077 6.079 6.083 6.091 6.117 6.119 6.091 6.091 6.091 6.091
 6.091 6.091 6.091 6.138 6.137 6.140 6.149 6.156 6.166 6.179 6.191 6.165 6.126 6.118 6.101 6.104 6.120 6.167 6.140 6.124 6.089 6.084 6.083 6.080 6.080 6.091 6.091 6.091 6.091 6.091 6.091 6.091
 6.091 6.091 6.091 6.132 6.130 6.129 6.130 6.136 6.144 6.147 6.143 6.143 6.136 6.135 6.123 6.113 6.130 6.162 6.162 6.135 6.091 6.091 6.091 6.078 6.091 6.091 6.091 6.091 6.091 6.091 6.091 6.091
 6.091 6.091 6.091 6.091 6.091 6.091 6.091 6.091 6.091 6.091 6.091 6.091 6.135 6.131 6.124 6.091 6.091 6.091 6.117 6.091 6.091 6.091 6.091 6.091 6.091 6.091 6.091 6.091 6.091 6.091 6.091 6.091
 6.091 6.091 6.091 6.091 6.091 6.091 6.091 6.091 6.091 6.091 6.091 6.091 6.091 6.091 6.091 6.091 6.091 6.091 6.091 6.091 6.091 6.091 6.091 6.091 6.091 6.091 6.091 6.091 6.091 6.091 6.091 6.091
 6.157 6.157 6.157 6.157 6.157 6.157 6.157 6.157 6.157 6.157 6.157 6.157 6.157 6.157 6.157 6.157 6.157 6.157 6.157 6.157 6.157 6.157 6.157 6.157 6.157 6.157 6.157 6.157 6.157 6.157 6.157 6.157
 6.157 6.157 6.157 6.157 6.157 6.157 6.157 6.157 6.157 6.157 6.157 6.157 6.157 6.157 6.157 6.157 6.157 6.157 6.157 6.157 6.157 6.157 6.157 6.157 6.157 6.157 6.157 6.157 6.157 6.157 6.157 6.157
 6.157 6.157 6.157 6.157 6.157 6.157 6.157 6.157 6.157 6.157 6.157 6.157 6.157 6.157 6.157 6.157 6.157 6.157 6.157 6.157 6.157 6.157 6.157 6.157 6.157 6.157 6.290 6.381 6.040 6.157 6.157 6.157
 6.157 6.157 6.157 6.157 6.157 6.157 6.157 6.157 6.157 6.157 6.157 6.157 6.157 6.137 6.134 6.157 6.157 6.157 6.157 6.157 6.157 6.157 6.157 6.157 5.871 5.972 6.261 6.428 6.542 6.157 6.157 6.157
 6.157 6.157 6.157 6.157 6.157 6.157 6.157 6.157 6.157 6.157 6.157 6.157 6.157 6.138 6.132 6.131 6.131 6.131 6.142 6.157 6.157 6.176 6.146 6.052 5.888 5.782 6.547 6.467 6.677 6.133 6.157 6.157
 6.157 6.157 6.157 6.157 6.157 6.157 6.157 6.157 6.157 6.157 6.157 6.153 6.152 6.143 6.134 6.131 6.129 6.127 6.131 6.142 6.171 6.209 6.218 6.184 5.943 5.758 6.321 6.697 6.633 6.331 6.157 6.157
 6.157 6.157 6.157 6.157 6.157 6.157 6.157 6.157 6.157 6.157 6.171 6.166 6.158 6.150 6.140 6.134 6.128 6.122 6.118 6.125 6.170 6.280 6.468 6.523 6.454 5.887 6.327 6.647 6.367 6.047 6.135 6.157
 6.157 6.157 6.157 6.157 6.157 6.157 6.157 6.157 6.157 6.157 6.177 6.171 6.165 6.160 6.151 6.142 6.131 6.115 6.091 6.067 6.102 6.224 6.194 6.196 6.356 6.190 6.369 6.295 5.549 5.659 6.033 6.157
 6.157 6.157 6.157 6.157 6.157 6.157 6.157 6.157 6.157 6.181 6.187 6.181 6.178 6.179 6.171 6.158 6.142 6.113 6.051 5.937 5.906 6.004 6.085 6.174 6.161 6.365 5.956 6.054 5.805 5.692 6.147 6.157
 6.157 6.157 6.157 6.157 6.157 6.157 6.157 6.157 6.157 6.203 6.198 6.195 6.200 6.214 6.202 6.185 6.165 6.136 6.042 5.833 5.956 6.029 6.639 6.361 6.344 6.365 6.002 5.946 5.648 5.862 6.120 6.157
 6.157 6.157 6.157 6.157 6.157 6.157 6.157 6.157 6.173 6.215 6.210 6.212 6.229 6.273 6.242 6.227 6.204 6.160 6.076 5.991 6.115 6.232 6.213 6.177 6.251 6.283 6.238 6.396 6.416 6.490 6.313 6.157
 6.157 6.157 6.157 6.157 6.157 6.157 6.157 6.157 6.237 6.229 6.224 6.228 6.248 6.277 6.287 6.293 6.270 6.127 6.082 6.027 6.071 5.990 6.148 6.264 6.021 6.226 6.506 6.572 6.616 6.502 6.157 6.157
 6.157 6.157 6.157 6.157 6.157 6.157 6.157 6.211 6.252 6.245 6.240 6.246 6.271 6.316 6.368 6.413 6.377 6.128 6.145 6.147 6.158 6.068 6.269 6.261 5.954 6.077 6.407 6.412 6.706 6.488 6.088 6.157
 6.157 6.157 6.157 6.157 6.157 6.157 6.157 6.276 6.271 6.264 6.259 6.266 6.300 6.378 6.504 6.465 6.366 6.133 6.169 5.995 6.173 5.983 6.133 6.242 6.298 6.416 6.530 6.294 6.874 6.646 6.157 6.157
 6.157 6.157 6.157 6.157 6.157 6.157 6.288 6.293 6.294 6.288 6.282 6.288 6.318 6.386 6.373 6.273 6.184 6.112 6.137 6.374 6.050 6.074 6.261 5.981 6.214 6.533 6.436 6.301 6.571 6.110 6.157 6.157
 6.157 6.157 6.157 6.157 6.157 6.279 6.289 6.300 6.307 6.311 6.312 6.315 6.301 6.268 6.261 6.285 6.137 6.074 5.963 6.158 6.218 6.100 6.440 6.014 6.405 6.305 6.163 6.405 6.465 6.157 6.157 6.157
 6.157 6.157 6.157 6.157 6.157 6.283 6.297 6.311 6.328 6.348 6.365 6.384 6.288 6.285 6.177 6.275 6.025 6.280 6.031 6.205 5.992 5.994 6.122 6.287 6.551 6.280 6.071 6.276 6.144 6.157 6.157 6.157
 6.157 6.157 6.157 6.163 6.276 6.282 6.298 6.323 6.363 6.410 6.447 6.482 6.423 6.355 6.354 6.345 6.020 6.283 6.230 6.124 6.177 6.272 6.366 6.262 6.279 6.351 6.105 6.153 6.157 6.157 6.157 6.157
 6.157 6.157 6.157 6.269 6.270 6.278 6.292 6.329 6.410 6.473 6.530 6.596 6.545 6.361 6.123 6.189 6.088 6.252 6.409 6.364 6.286 6.247 6.181 6.169 6.225 6.245 6.110 6.157 6.157 6.157 6.157 6.157
 6.157 6.157 6.216 6.263 6.265 6.270 6.284 6.315 6.352 6.379 6.434 6.402 6.387 6.249 6.074 6.119 6.263 6.170 6.160 6.246 6.215 6.084 6.062 6.093 6.048 6.082 6.157 6.157 6.157 6.157 6.157 6.157
 6.157 6.157 6.256 6.260 6.264 6.258 6.257 6.249 6.263 6.402 6.426 6.350 6.483 6.479 6.401 6.342 6.226 6.072 6.059 6.215 6.115 6.091 6.079 6.045 5.945 6.014 6.157 6.157 6.157 6.157 6.157 6.157
 6.157 6.157 6.257 6.265 6.267 6.211 6.166 6.183 6.257 6.355 6.347 6.457 6.414 6.289 6.150 6.098 6.279 6.134 6.213 6.280 6.327 6.322 6.146 5.944 5.892 6.157 6.157 6.157 6.157 6.157 6.157 6.157
 6.157 6.157 6.257 6.267 6.272 6.231 6.143 6.123 6.258 6.430 6.495 6.402 6.153 6.218 6.116 6.114 6.057 6.263 6.413 6.294 6.405 6.336 6.105 5.993 6.008 6.061 6.157 6.157 6.157 6.157 6.157 6.157
 6.157 6.157 6.258 6.266 6.264 6.280 6.294 6.322 6.448 6.642 6.486 6.140 6.142 6.157 6.213 6.165 6.151 6.319 6.227 6.354 6.302 6.173 6.092 6.065 6.075 6.097 6.157 6.157 6.157 6.157 6.157 6.157
 6.157 6.157 6.259 6.269 6.279 6.287 6.288 6.367 6.445 6.419 6.151 6.148 6.193 6.234 6.276 6.246 6.310 6.209 6.146 6.326 6.209 6.142 6.115 6.108 6.118 6.139 6.163 6.157 6.157 6.157 6.157 6.157
 6.157 6.157 6.252 6.254 6.258 6.264 6.278 6.329 6.295 6.088 6.066 6.189 6.121 6.150 6.127 6.150 6.191 5.993 6.064 6.131 6.116 6.131 6.132 6.136 6.146 6.162 6.180 6.191 6.157 6.157 6.157 6.157
 6.157 6.157 6.212 6.231 6.232 6.235 6.241 6.274 6.197 6.109 6.079 6.084 6.099 6.135 6.145 6.184 6.003 6.039 6.140 6.146 6.111 6.128 6.141 6.150 6.158 6.172 6.189 6.199 6.157 6.157 6.157 6.157
 6.157 6.157 6.157 6.213 6.212 6.211 6.213 6.243 6.224 6.194 6.155 6.129 6.131 6.135 6.109 6.157 6.102 6.143 6.205 6.219 6.139 6.144 6.150 6.154 6.157 6.157 6.170 6.202 6.157 6.157 6.157 6.157
 6.157 6.157 6.157 6.203 6.197 6.189 6.183 6.168 6.156 6.163 6.163 6.144 6.153 6.166 6.140 6.160 6.179 6.222 6.219 6.212 6.163 6.156 6.157 6.158 6.157 6.157 6.157 6.157 6.157 6.157 6.157 6.157
 6.157 6.157 6.157 6.179 6.189 6.178 6.164 6.152 6.144 6.139 6.139 6.143 6.158 6.176 6.174 6.179 6.198 6.239 6.248 6.221 6.157 6.157 6.157 6.157 6.157 6.157 6.157 6.157 6.157 6.157 6.157 6.157
 6.157 6.157 6.157 6.157 6.157 6.157 6.158 6.157 6.157 6.157 6.157 6.157 6.166 6.172 6.173 6.157 6.157 6.157 6.217 6.207 6.157 6.157 6.157 6.157 6.157 6.157 6.157 6.157 6.157 6.157 6.157 6.157
 6.157 6.157 6.157 6.157 6.157 6.157 6.157 6.157 6.157 6.157 6.157 6.157 6.157 6.157 6.157 6.157 6.157 6.157 6.157 6.157 6.157 6.157 6.157 6.157 6.157 6.157 6.157 6.157 6.157 6.157 6.157 6.157
 6.223 6.223 6.223 6.223 6.223 6.223 6.223 6.223 6.223 6.223 6.223 6.223 6.223 6.223 6.223 6.223 6.223 6.223 6.223 6.223 6.223 6.223 6.223 6.223 6.223 6.223 6.223 6.223 6.223 6.223 6.223 6.223
 6.223 6.223 6.223 6.223 6.223 6.223 6.223 6.223 6.223 6.223 6.223 6.223 6.223 6.223 6.223 6.223 6.223 6.223 6.223 6.223 6.223 6.223 6.223 6.223 6.223 6.223 6.223 6.223 6.223 6.223 6.223 6.223
 6.223 6.223 6.223 6.223 6.223 6.223 6.223 6.223 6.223 6.223 6.223 6.223 6.223 6.223 6.223 6.223 6.223 6.223 6.223 6.223 6.223 6.223 6.223 6.223 6.223 6.223 6.397 6.464 6.376 6.223 6.223 6.223
 6.223 6.223 6.223 6.223 6.223 6.223 6.223 6.223 6.223 6.223 6.223 6.223 6.223 6.166 6.162 6.223 6.223 6.223 6.223 6.223 6.223 6.223 6.223 6.223 6.205 6.134 6.412 6.508 6.596 6.223 6.223 6.223
 6.223 6.223 6.223 6.223 6.223 6.223 6.223 6.223 6.223 6.223 6.223 6.223 6.223 6.166 6.159 6.158 6.156 6.155 6.223 6.223 6.223 6.197 6.176 6.125 5.968 5.950 6.759 6.554 6.756 6.214 6.223 6.223
 6.223 6.223 6.223 6.223 6.223 6.223 6.223 6.223 6.223 6.223 6.223 6.223 6.179 6.169 6.159 6.156 6.153 6.153 6.155 6.163 6.185 6.216 6.228 6.206 5.929 5.757 6.467 6.660 6.717 6.486 6.223 6.223
 6.223 6.223 6.223 6.223 6.223 6.223 6.223 6.223 6.223 6.223 6.209 6.200 6.186 6.174 6.162 6.156 6.151 6.147 6.143 6.144 6.172 6.258 6.414 6.463 6.250 5.812 6.125 6.558 6.575 6.289 6.223 6.223
 6.223 6.223 6.223 6.223 6.223 6.223 6.223 6.223 6.223 6.223 6.216 6.205 6.191 6.183 6.171 6.163 6.155 6.140 6.116 6.087 6.092 6.172 6.219 6.263 6.345 6.134 6.369 6.640 5.888 5.896 6.161 6.223
 6.223 6.223 6.223 6.223 6.223 6.223 6.223 6.223 6.223 6.209 6.226 6.211 6.199 6.197 6.189 6.179 6.168 6.141 6.080 5.976 5.878 5.988 6.100 6.257 6.246 6.374 6.210 6.693 6.009 5.977 6.326 6.223
 6.223 6.223 6.223 6.223 6.223 6.223 6.223 6.223 6.223 6.250 6.236 6.221 6.215 6.225 6.219 6.210 6.196 6.169 6.070 5.868 5.888 6.082 6.400 6.372 6.374 6.369 6.259 6.554 6.132 6.271 6.320 6.223
 6.223 6.223 6.223 6.223 6.223 6.223 6.223 6.223 6.224 6.262 6.246 6.233 6.239 6.280 6.260 6.259 6.248 6.212 6.084 5.959 6.007 6.070 6.108 6.360 6.432 6.371 6.341 6.555 6.844 6.515 6.408 6.223
 6.223 6.223 6.223 6.223 6.223 6.223 6.223 6.223 6.298 6.279 6.257 6.247 6.257 6.285 6.310 6.339 6.335 6.188 6.069 6.096 6.089 5.863 6.088 6.417 6.158 6.269 6.536 6.486 6.574 6.429 6.223 6.223
 6.223 6.223 6.223 6.223 6.223 6.223 6.223 6.263 6.315 6.294 6.271 6.263 6.282 6.329 6.400 6.487 6.345 6.099 6.161 6.155 6.191 6.024 6.220 6.174 5.925 6.236 6.681 6.630 6.896 6.595 6.531 6.223
 6.223 6.223 6.223 6.223 6.223 6.223 6.223 6.355 6.339 6.314 6.291 6.285 6.315 6.391 6.513 6.493 6.266 6.114 6.175 6.041 6.231 6.098 6.169 6.071 6.174 6.697 6.963 6.599 6.964 6.806 6.223 6.223
 6.223 6.223 6.223 6.223 6.223 6.223 6.380 6.376 6.364 6.340 6.318 6.316 6.341 6.407 6.396 6.360 6.281 6.218 6.184 6.417 6.187 6.098 6.326 5.941 6.080 6.542 6.719 6.546 6.765 6.223 6.223 6.223
 6.223 6.223 6.223 6.223 6.223 6.331 6.381 6.381 6.375 6.365 6.357 6.358 6.345 6.344 6.291 6.257 6.207 6.169 6.003 6.146 6.187 6.153 6.487 6.020 6.690 6.466 6.260 6.572 6.626 6.223 6.223 6.223
 6.223 6.223 6.223 6.223 6.223 6.377 6.384 6.387 6.392 6.407 6.426 6.443 6.356 6.366 6.226 6.221 6.037 6.322 6.155 6.290 5.974 6.068 6.209 6.251 6.571 6.276 6.056 6.263 6.223 6.223 6.223 6.223
 6.223 6.223 6.223 6.223 6.375 6.374 6.381 6.396 6.428 6.481 6.544 6.588 6.550 6.459 6.371 6.395 6.029 6.221 6.250 6.213 6.131 6.124 6.304 6.229 6.204 6.168 6.032 6.212 6.223 6.223 6.223 6.223
 6.223 6.223 6.223 6.374 6.368 6.366 6.372 6.405 6.480 6.581 6.590 6.614 6.554 6.381 6.127 6.201 6.093 6.261 6.359 6.365 6.315 6.242 6.232 6.199 6.220 6.139 6.166 6.223 6.223 6.223 6.223 6.223
 6.223 6.223 6.280 6.369 6.362 6.355 6.364 6.391 6.378 6.427 6.435 6.394 6.373 6.272 6.098 6.233 6.299 6.158 6.167 6.257 6.199 6.121 6.228 6.140 6.088 6.079 6.223 6.223 6.223 6.223 6.223 6.223
 6.223 6.223 6.367 6.365 6.355 6.336 6.318 6.282 6.282 6.350 6.422 6.414 6.465 6.418 6.345 6.359 6.217 6.065 6.092 6.242 6.168 6.202 6.226 6.043 5.984 6.223 6.223 6.223 6.223 6.223 6.223 6.223
 6.223 6.223 6.366 6.367 6.340 6.276 6.226 6.256 6.302 6.297 6.335 6.541 6.608 6.410 6.232 6.121 6.285 6.126 6.254 6.247 6.321 6.379 6.156 5.945 5.955 6.223 6.223 6.223 6.223 6.223 6.223 6.223
 6.223 6.223 6.361 6.367 6.338 6.266 6.198 6.164 6.239 6.382 6.543 6.502 6.229 6.335 6.209 6.097 6.045 6.217 6.389 6.288 6.413 6.330 6.091 5.983 6.038 6.115 6.223 6.223 6.223 6.223 6.223 6.223
 6.223 6.223 6.353 6.357 6.337 6.323 6.306 6.340 6.445 6.578 6.508 6.197 6.135 6.134 6.240 6.222 6.238 6.363 6.196 6.360 6.406 6.207 6.089 6.074 6.109 6.145 6.223 6.223 6.223 6.223 6.223 6.223
 6.223 6.223 6.346 6.354 6.363 6.364 6.363 6.427 6.457 6.524 6.297 6.272 6.281 6.222 6.226 6.272 6.305 6.179 6.109 6.327 6.341 6.183 6.138 6.139 6.164 6.196 6.229 6.223 6.223 6.223 6.223 6.223
 6.223 6.223 6.335 6.329 6.328 6.327 6.311 6.372 6.347 6.234 6.170 6.200 6.155 6.158 6.146 6.152 6.070 5.933 6.107 6.188 6.207 6.171 6.174 6.183 6.201 6.224 6.251 6.267 6.223 6.223 6.223 6.223
 6.223 6.223 6.223 6.297 6.294 6.283 6.256 6.306 6.258 6.190 6.129 6.098 6.135 6.162 6.173 6.186 6.128 6.092 6.206 6.213 6.165 6.179 6.199 6.210 6.220 6.236 6.266 6.277 6.223 6.223 6.223 6.223
 6.223 6.223 6.223 6.275 6.271 6.260 6.248 6.275 6.236 6.191 6.147 6.134 6.171 6.191 6.166 6.144 6.153 6.184 6.273 6.253 6.188 6.200 6.216 6.224 6.227 6.223 6.223 6.278 6.223 6.223 6.223 6.223
 6.223 6.223 6.223 6.264 6.256 6.244 6.244 6.196 6.170 6.164 6.154 6.150 6.176 6.204 6.191 6.186 6.233 6.285 6.292 6.259 6.216 6.219 6.226 6.232 6.232 6.223 6.223 6.223 6.223 6.223 6.223 6.223
 6.223 6.223 6.223 6.223 6.232 6.227 6.213 6.181 6.163 6.153 6.151 6.160 6.185 6.210 6.222 6.222 6.261 6.314 6.319 6.280 6.223 6.223 6.223 6.228 6.223 6.223 6.223 6.223 6.223 6.223 6.223 6.223
 6.223 6.223 6.223 6.223 6.223 6.223 6.208 6.217 6.223 6.223 6.223 6.223 6.198 6.209 6.221 6.223 6.223 6.223 6.324 6.280 6.223 6.223 6.223 6.223 6.223 6.223 6.223 6.223 6.223 6.223 6.223 6.223
 6.223 6.223 6.223 6.223 6.223 6.223 6.223 6.223 6.223 6.223 6.223 6.223 6.223 6.223 6.223 6.223 6.223 6.223 6.223 6.223 6.223 6.223 6.223 6.223 6.223 6.223 6.223 6.223 6.223 6.223 6.223 6.223
 6.289 6.289 6.289 6.289 6.289 6.289 6.289 6.289 6.289 6.289 6.289 6.289 6.289 6.289 6.289 6.289 6.289 6.289 6.289 6.289 6.289 6.289 6.289 6.289 6.289 6.289 6.289 6.289 6.289 6.289 6.289 6.289
 6.289 6.289 6.289 6.289 6.289 6.289 6.289 6.289 6.289 6.289 6.289 6.289 6.289 6.289 6.289 6.289 6.289 6.289 6.289 6.289 6.289 6.289 6.289 6.289 6.289 6.289 6.289 6.289 6.289 6.289 6.289 6.289
 6.289 6.289 6.289 6.289 6.289 6.289 6.289 6.289 6.289 6.289 6.289 6.289 6.289 6.289 6.289 6.289 6.289 6.289 6.289 6.289 6.289 6.289 6.289 6.289 6.289 6.289 6.419 6.487 6.366 6.289 6.289 6.289
 6.289 6.289 6.289 6.289 6.289 6.289 6.289 6.289 6.289 6.289 6.289 6.289 6.289 6.184 6.177 6.289 6.289 6.289 6.289 6.289 6.289 6.289 6.289 6.289 6.183 6.226 6.402 6.490 6.618 6.289 6.289 6.289
 6.289 6.289 6.289 6.289 6.289 6.289 6.289 6.289 6.289 6.289 6.289 6.289 6.289 6.180 6.170 6.170 6.169 6.170 6.177 6.289 6.272 6.224 6.226 6.182 6.045 6.075 6.756 6.531 6.775 6.376 6.289 6.289
 6.289 6.289 6.289 6.289 6.289 6.289 6.289 6.289 6.289 6.289 6.289 6.248 6.196 6.180 6.163 6.162 6.161 6.165 6.173 6.180 6.197 6.232 6.276 6.250 5.885 5.712 6.526 6.642 6.808 6.667 6.289 6.289
 6.289 6.289 6.289 6.289 6.289 6.289 6.289 6.289 6.289 6.289 6.242 6.224 6.201 6.181 6.160 6.155 6.155 6.157 6.159 6.157 6.173 6.253 6.458 6.369 5.981 5.602 6.133 6.417 6.729 6.564 6.279 6.289
 6.289 6.289 6.289 6.289 6.289 6.289 6.289 6.289 6.289 6.289 6.251 6.228 6.201 6.186 6.167 6.159 6.159 6.152 6.132 6.098 6.072 6.138 6.313 6.475 6.260 5.936 6.305 6.608 6.493 6.149 6.228 6.289
 6.289 6.289 6.289 6.289 6.289 6.289 6.289 6.289 6.289 6.286 6.263 6.228 6.201 6.197 6.183 6.175 6.175 6.158 6.104 6.008 5.873 5.999 6.217 6.501 6.384 6.375 6.210 6.799 5.925 6.088 6.308 6.289
 6.289 6.289 6.289 6.289 6.289 6.289 6.289 6.289 6.289 6.299 6.268 6.230 6.209 6.237 6.213 6.209 6.210 6.199 6.112 5.901 5.781 6.018 6.236 6.359 6.311 6.364 6.192 6.695 6.298 6.497 6.453 6.289
 6.289 6.289 6.289 6.289 6.289 6.289 6.289 6.289 6.281 6.313 6.273 6.235 6.223 6.260 6.248 6.265 6.289 6.310 6.132 5.963 5.896 5.895 5.994 6.346 6.372 6.397 6.128 6.034 6.677 6.448 6.439 6.289
 6.289 6.289 6.289 6.289 6.289 6.289 6.289 6.289 6.364 6.328 6.278 6.242 6.237 6.260 6.297 6.357 6.401 6.304 6.191 6.141 6.082 5.709 6.033 6.508 6.112 6.180 6.423 6.217 6.599 6.472 6.289 6.289
 6.289 6.289 6.289 6.289 6.289 6.289 6.289 6.359 6.386 6.341 6.285 6.253 6.264 6.311 6.397 6.523 6.408 6.307 6.287 6.060 6.005 5.901 6.162 6.243 5.992 6.323 6.636 6.734 7.030 6.771 6.375 6.289
 6.289 6.289 6.289 6.289 6.289 6.289 6.289 6.443 6.411 6.358 6.301 6.277 6.304 6.385 6.525 6.518 6.246 6.101 6.140 6.056 6.137 6.107 6.061 6.034 6.379 6.735 7.007 6.429 6.901 6.893 6.289 6.289
 6.289 6.289 6.289 6.289 6.289 6.289 6.484 6.472 6.439 6.384 6.333 6.319 6.347 6.414 6.410 6.252 6.218 6.094 6.263 6.289 6.254 5.970 6.297 6.017 6.104 6.547 7.052 6.465 6.694 6.289 6.289 6.289
 6.289 6.289 6.289 6.289 6.289 6.485 6.481 6.469 6.440 6.406 6.381 6.378 6.379 6.372 6.317 6.171 6.140 6.131 6.067 6.205 6.185 6.180 6.368 6.078 6.640 6.785 6.296 6.338 6.252 6.289 6.289 6.289
 6.289 6.289 6.289 6.289 6.319 6.481 6.477 6.458 6.441 6.445 6.461 6.463 6.421 6.467 6.268 6.099 5.979 6.281 6.307 6.217 5.979 6.232 6.244 6.390 6.386 6.271 6.043 6.102 6.289 6.289 6.289 6.289
 6.289 6.289 6.289 6.343 6.486 6.472 6.462 6.454 6.469 6.532 6.599 6.561 6.621 6.586 6.369 6.572 6.119 6.148 6.288 6.280 6.157 6.181 6.241 6.226 6.109 6.018 5.969 6.385 6.289 6.289 6.289 6.289
 6.289 6.289 6.289 6.493 6.476 6.455 6.436 6.442 6.516 6.684 6.648 6.472 6.448 6.364 6.104 6.129 6.214 6.234 6.317 6.313 6.244 6.217 6.190 6.184 6.101 6.015 6.067 6.289 6.289 6.289 6.289 6.289
 6.289 6.289 6.447 6.490 6.471 6.441 6.412 6.391 6.388 6.426 6.412 6.329 6.305 6.288 6.124 6.267 6.379 6.195 6.166 6.247 6.236 6.242 6.316 6.277 6.141 6.064 6.289 6.289 6.289 6.289 6.289 6.289
 6.289 6.289 6.496 6.493 6.469 6.429 6.357 6.283 6.246 6.317 6.400 6.484 6.522 6.435 6.353 6.315 6.227 6.119 6.126 6.221 6.267 6.354 6.286 6.116 6.049 6.289 6.289 6.289 6.289 6.289 6.289 6.289
 6.289 6.289 6.499 6.505 6.457 6.366 6.273 6.274 6.276 6.297 6.370 6.508 6.641 6.501 6.265 6.098 6.376 6.230 6.333 6.202 6.280 6.426 6.120 6.000 6.024 6.289 6.289 6.289 6.289 6.289 6.289 6.289
 6.289 6.289 6.489 6.509 6.482 6.446 6.309 6.162 6.200 6.429 6.604 6.520 6.260 6.376 6.224 6.074 6.148 6.261 6.298 6.246 6.334 6.302 6.023 5.998 6.082 6.152 6.289 6.289 6.289 6.289 6.289 6.289
 6.289 6.289 6.467 6.485 6.481 6.449 6.307 6.277 6.421 6.607 6.547 6.230 6.190 6.192 6.250 6.208 6.193 6.321 6.170 6.427 6.383 6.133 6.032 6.075 6.146 6.195 6.289 6.289 6.289 6.289 6.289 6.289
 6.289 6.289 6.441 6.458 6.478 6.455 6.420 6.468 6.528 6.626 6.451 6.286 6.232 6.206 6.263 6.302 6.226 6.233 6.175 6.366 6.296 6.121 6.111 6.156 6.209 6.256 6.299 6.289 6.289 6.289 6.289 6.289
 6.289 6.289 6.410 6.408 6.409 6.394 6.345 6.372 6.416 6.329 6.232 6.175 6.110 6.134 6.145 6.152 6.127 6.023 6.116 6.180 6.181 6.151 6.191 6.223 6.258 6.294 6.327 6.347 6.289 6.289 6.289 6.289
 6.289 6.289 6.361 6.365 6.360 6.346 6.295 6.302 6.222 6.173 6.118 6.076 6.123 6.184 6.221 6.222 6.260 6.129 6.200 6.210 6.175 6.200 6.250 6.273 6.290 6.314 6.344 6.360 6.289 6.289 6.289 6.289
 6.289 6.289 6.289 6.334 6.327 6.315 6.301 6.279 6.230 6.174 6.138 6.130 6.180 6.246 6.259 6.212 6.235 6.236 6.270 6.250 6.216 6.246 6.282 6.300 6.303 6.289 6.313 6.368 6.289 6.289 6.289 6.289
 6.289 6.289 6.289 6.318 6.308 6.293 6.282 6.221 6.196 6.183 6.163 6.158 6.194 6.247 6.281 6.272 6.309 6.323 6.306 6.269 6.249 6.268 6.296 6.314 6.311 6.289 6.289 6.289 6.289 6.289 6.289 6.289
 6.289 6.289 6.289 6.303 6.293 6.275 6.253 6.215 6.191 6.179 6.173 6.180 6.209 6.240 6.257 6.273 6.322 6.343 6.327 6.292 6.289 6.289 6.289 6.329 6.289 6.289 6.289 6.289 6.289 6.289 6.289 6.289
 6.289 6.289 6.289 6.289 6.289 6.289 6.252 6.247 6.289 6.289 6.289 6.289 6.225 6.237 6.245 6.289 6.289 6.289 6.335 6.296 6.289 6.289 6.289 6.289 6.289 6.289 6.289 6.289 6.289 6.289 6.289 6.289
 6.289 6.289 6.289 6.289 6.289 6.289 6.289 6.289 6.289 6.289 6.289 6.289 6.289 6.289 6.289 6.289 6.289 6.289 6.289 6.289 6.289 6.289 6.289 6.289 6.289 6.289 6.289 6.289 6.289 6.289 6.289 6.289
 6.420 6.420 6.420 6.420 6.420 6.420 6.420 6.420 6.420 6.420 6.420 6.420 6.420 6.420 6.420 6.420 6.420 6.420 6.420 6.420 6.420 6.420 6.420 6.420 6.420 6.420 6.420 6.420 6.420 6.420 6.420 6.420
 6.420 6.420 6.420 6.420 6.420 6.420 6.420 6.420 6.420 6.420 6.420 6.420 6.420 6.420 6.420 6.420 6.420 6.420 6.420 6.420 6.420 6.420 6.420 6.420 6.420 6.420 6.420 6.420 6.420 6.420 6.420 6.420
 6.420 6.420 6.420 6.420 6.420 6.420 6.420 6.420 6.420 6.420 6.420 6.420 6.420 6.420 6.420 6.420 6.420 6.420 6.420 6.420 6.420 6.420 6.420 6.420 6.420 6.420 6.474 6.632 6.513 6.420 6.420 6.420
 6.420 6.420 6.420 6.420 6.420 6.420 6.420 6.420 6.420 6.420 6.420 6.420 6.420 6.255 6.245 6.324 6.420 6.420 6.420 6.420 6.420 6.420 6.420 6.426 6.416 6.463 6.548 6.681 6.725 6.420 6.420 6.420
 6.420 6.420 6.420 6.420 6.420 6.420 6.420 6.420 6.420 6.420 6.420 6.420 6.420 6.244 6.229 6.233 6.235 6.243 6.259 6.265 6.279 6.310 6.355 6.315 6.234 6.431 6.834 6.724 6.815 6.810 6.420 6.420
 6.420 6.420 6.420 6.420 6.420 6.420 6.420 6.420 6.420 6.420 6.420 6.286 6.268 6.236 6.208 6.211 6.213 6.227 6.253 6.261 6.272 6.310 6.409 6.338 5.931 6.063 6.642 6.602 7.005 6.851 6.570 6.420
 6.420 6.420 6.420 6.420 6.420 6.420 6.420 6.420 6.420 6.420 6.335 6.301 6.262 6.226 6.191 6.189 6.197 6.211 6.229 6.229 6.233 6.276 6.435 6.217 5.843 5.615 6.331 6.405 6.875 6.854 6.718 6.429
 6.420 6.420 6.420 6.420 6.420 6.420 6.420 6.420 6.420 6.375 6.349 6.301 6.247 6.220 6.190 6.183 6.198 6.203 6.192 6.156 6.122 6.120 6.427 6.362 5.839 5.745 6.533 6.219 6.607 6.454 6.534 6.420
 6.420 6.420 6.420 6.420 6.420 6.420 6.420 6.420 6.420 6.405 6.359 6.288 6.225 6.207 6.195 6.193 6.210 6.201 6.148 6.050 5.895 6.016 6.480 6.939 6.575 6.383 6.751 6.541 6.594 6.363 6.470 6.420
 6.420 6.420 6.420 6.420 6.420 6.420 6.420 6.420 6.420 6.416 6.357 6.275 6.212 6.200 6.207 6.219 6.232 6.217 6.123 5.950 5.776 5.962 6.102 6.536 6.623 6.671 6.693 6.800 6.935 6.387 6.480 6.420
 6.420 6.420 6.420 6.420 6.420 6.420 6.420 6.420 6.440 6.434 6.351 6.267 6.217 6.227 6.231 6.267 6.308 6.298 6.098 5.960 5.831 5.816 5.726 6.308 6.264 6.475 6.540 6.807 7.012 6.441 6.204 6.420
 6.420 6.420 6.420 6.420 6.420 6.420 6.420 6.420 6.503 6.442 6.342 6.263 6.229 6.234 6.273 6.340 6.403 6.260 6.145 6.006 5.899 5.562 5.959 6.596 6.097 6.269 6.911 7.189 7.050 6.648 6.420 6.420
 6.420 6.420 6.420 6.420 6.420 6.420 6.420 6.585 6.532 6.445 6.335 6.265 6.259 6.298 6.369 6.443 6.355 6.589 6.434 6.010 5.797 5.872 6.331 6.373 6.201 6.756 7.024 7.049 7.004 6.858 6.849 6.420
 6.420 6.420 6.420 6.420 6.420 6.420 6.420 6.608 6.554 6.452 6.344 6.291 6.319 6.399 6.502 6.276 6.032 6.130 6.198 6.282 6.487 6.191 6.298 6.210 6.359 6.737 6.823 6.776 6.995 6.971 6.420 6.420
 6.420 6.420 6.420 6.420 6.420 6.420 6.669 6.647 6.582 6.475 6.382 6.359 6.406 6.492 6.507 6.138 6.192 6.176 6.149 5.770 6.135 5.941 6.499 6.367 6.314 6.729 6.962 6.529 6.785 6.420 6.420 6.420
 6.420 6.420 6.420 6.420 6.420 6.667 6.660 6.626 6.560 6.486 6.442 6.457 6.493 6.463 6.407 6.175 6.374 6.194 6.262 6.205 6.280 6.106 6.407 6.195 6.556 7.481 6.819 6.481 6.420 6.420 6.420 6.420
 6.420 6.420 6.420 6.420 6.682 6.661 6.639 6.584 6.527 6.509 6.527 6.570 6.597 6.675 6.412 6.181 6.318 6.076 6.276 6.059 6.162 6.309 6.251 6.306 6.354 6.697 6.533 6.400 6.420 6.420 6.420 6.420
 6.420 6.420 6.420 6.606 6.672 6.641 6.603 6.556 6.533 6.577 6.625 6.627 6.734 6.681 6.401 6.553 6.499 6.230 6.276 6.303 6.308 6.181 6.132 6.111 6.074 6.072 6.219 6.380 6.420 6.420 6.420 6.420
 6.420 6.420 6.420 6.688 6.656 6.608 6.552 6.526 6.574 6.661 6.625 6.495 6.440 6.310 6.155 6.039 6.179 6.280 6.308 6.232 6.235 6.204 6.107 6.005 5.998 6.051 6.143 6.420 6.420 6.420 6.420 6.420
 6.420 6.420 6.696 6.689 6.651 6.582 6.514 6.465 6.437 6.405 6.453 6.446 6.433 6.387 6.242 6.348 6.388 6.228 6.144 6.132 6.291 6.265 6.283 6.111 6.054 6.115 6.420 6.420 6.420 6.420 6.420 6.420
 6.420 6.420 6.711 6.706 6.653 6.550 6.412 6.325 6.313 6.325 6.426 6.598 6.626 6.430 6.394 6.511 6.326 6.248 6.085 6.144 6.272 6.404 6.308 6.123 6.123 6.420 6.420 6.420 6.420 6.420 6.420 6.420
 6.420 6.420 6.722 6.739 6.656 6.455 6.340 6.345 6.352 6.430 6.573 6.610 6.679 6.549 6.324 6.176 6.513 6.382 6.492 6.372 6.197 6.445 6.171 6.069 6.142 6.420 6.420 6.420 6.420 6.420 6.420 6.420
 6.420 6.420 6.701 6.745 6.699 6.502 6.349 6.273 6.334 6.522 6.691 6.580 6.400 6.332 6.287 6.028 6.221 6.285 6.325 6.446 6.361 6.297 6.118 6.107 6.198 6.273 6.420 6.420 6.420 6.420 6.420 6.420
 6.420 6.420 6.650 6.678 6.653 6.555 6.380 6.319 6.434 6.666 6.654 6.221 6.142 6.131 6.197 6.123 6.189 6.297 6.282 6.485 6.346 6.139 6.100 6.162 6.256 6.318 6.420 6.420 6.420 6.420 6.420 6.420
 6.420 6.420 6.594 6.608 6.622 6.595 6.474 6.441 6.490 6.756 6.587 6.407 6.263 6.247 6.320 6.414 6.273 6.259 6.229 6.281 6.235 6.157 6.170 6.243 6.323 6.386 6.437 6.420 6.420 6.420 6.420 6.420
 6.420 6.420 6.540 6.533 6.513 6.456 6.368 6.334 6.423 6.495 6.359 6.248 6.143 6.152 6.166 6.196 6.295 6.148 6.208 6.236 6.237 6.224 6.287 6.331 6.381 6.430 6.471 6.493 6.420 6.420 6.420 6.420
 6.420 6.420 6.504 6.481 6.465 6.437 6.380 6.366 6.293 6.251 6.155 6.121 6.161 6.223 6.238 6.234 6.354 6.229 6.287 6.298 6.265 6.309 6.385 6.411 6.425 6.454 6.493 6.510 6.420 6.420 6.420 6.420
 6.420 6.420 6.420 6.448 6.437 6.419 6.392 6.367 6.264 6.208 6.178 6.172 6.217 6.298 6.363 6.338 6.350 6.348 6.359 6.342 6.321 6.368 6.429 6.455 6.450 6.420 6.507 6.514 6.420 6.420 6.420 6.420
 6.420 6.420 6.420 6.434 6.422 6.397 6.367 6.317 6.268 6.247 6.224 6.216 6.248 6.309 6.371 6.403 6.413 6.402 6.392 6.359 6.351 6.393 6.444 6.473 6.464 6.420 6.420 6.420 6.420 6.420 6.420 6.420
 6.420 6.420 6.420 6.425 6.410 6.383 6.355 6.317 6.284 6.268 6.255 6.257 6.281 6.310 6.341 6.372 6.400 6.415 6.403 6.376 6.420 6.420 6.420 6.483 6.420 6.420 6.420 6.420 6.420 6.420 6.420 6.420
 6.420 6.420 6.420 6.420 6.420 6.420 6.420 6.420 6.420 6.420 6.420 6.420 6.304 6.315 6.325 6.420 6.420 6.420 6.419 6.420 6.420 6.420 6.420 6.420 6.420 6.420 6.420 6.420 6.420 6.420 6.420 6.420
 6.420 6.420 6.420 6.420 6.420 6.420 6.420 6.420 6.420 6.420 6.420 6.420 6.420 6.420 6.420 6.420 6.420 6.420 6.420 6.420 6.420 6.420 6.420 6.420 6.420 6.420 6.420 6.420 6.420 6.420 6.420 6.420
 6.617 6.617 6.617 6.617 6.617 6.617 6.617 6.617 6.617 6.617 6.617 6.617 6.617 6.617 6.617 6.617 6.617 6.617 6.617 6.617 6.617 6.617 6.617 6.617 6.617 6.617 6.617 6.617 6.617 6.617 6.617 6.617
 6.617 6.617 6.617 6.617 6.617 6.617 6.617 6.617 6.617 6.617 6.617 6.617 6.617 6.617 6.617 6.617 6.617 6.617 6.617 6.617 6.617 6.617 6.617 6.617 6.617 6.617 6.617 6.617 6.617 6.617 6.617 6.617
 6.617 6.617 6.617 6.617 6.617 6.617 6.617 6.617 6.617 6.617 6.617 6.617 6.617 6.617 6.617 6.617 6.617 6.617 6.617 6.617 6.617 6.617 6.617 6.617 6.617 6.617 6.617 6.963 6.617 6.617 6.617 6.617
 6.617 6.617 6.617 6.617 6.617 6.617 6.617 6.617 6.617 6.617 6.617 6.617 6.617 6.391 6.379 6.469 6.617 6.617 6.617 6.617 6.617 6.617 6.617 6.617 6.531 6.850 6.978 7.041 6.917 6.617 6.617 6.617
 6.617 6.617 6.617 6.617 6.617 6.617 6.617 6.617 6.617 6.617 6.617 6.617 6.617 6.370 6.351 6.363 6.364 6.381 6.415 6.430 6.441 6.463 6.513 6.543 6.623 6.815 7.265 7.210 7.086 7.009 6.617 6.617
 6.617 6.617 6.617 6.617 6.617 6.617 6.617 6.617 6.617 6.617 6.617 6.438 6.399 6.351 6.314 6.324 6.325 6.355 6.402 6.418 6.425 6.452 6.530 6.485 6.488 7.146 7.428 7.047 7.143 6.948 6.864 6.617
 6.617 6.617 6.617 6.617 6.617 6.617 6.617 6.617 6.617 6.617 6.493 6.444 6.382 6.328 6.280 6.280 6.298 6.332 6.372 6.382 6.377 6.365 6.327 6.263 6.077 6.163 6.900 7.147 7.242 6.863 6.771 6.619
 6.617 6.617 6.617 6.617 6.617 6.617 6.617 6.617 6.617 6.532 6.512 6.436 6.347 6.307 6.267 6.261 6.297 6.319 6.326 6.298 6.247 6.151 6.061 5.983 5.763 6.079 6.790 6.986 7.197 6.704 6.705 6.617
 6.617 6.617 6.617 6.617 6.617 6.617 6.617 6.617 6.617 6.589 6.520 6.407 6.300 6.267 6.254 6.260 6.300 6.305 6.263 6.171 6.017 5.976 6.066 6.108 5.714 6.608 6.635 6.721 6.610 6.359 6.583 6.617
 6.617 6.617 6.617 6.617 6.617 6.617 6.617 6.617 6.617 6.602 6.508 6.378 6.266 6.223 6.242 6.272 6.294 6.275 6.189 6.013 5.893 6.041 6.116 6.253 7.141 7.137 7.017 6.872 6.756 6.351 6.539 6.617
 6.617 6.617 6.617 6.617 6.617 6.617 6.617 6.617 6.607 6.615 6.489 6.354 6.254 6.206 6.244 6.300 6.327 6.268 6.041 5.910 5.884 5.914 5.700 6.761 7.081 6.625 7.171 7.237 6.983 6.543 6.617 6.617
 6.617 6.617 6.617 6.617 6.617 6.617 6.617 6.617 6.710 6.617 6.464 6.338 6.268 6.246 6.287 6.366 6.424 6.271 6.280 6.021 5.765 5.655 6.097 7.500 7.256 7.286 7.428 6.989 6.752 6.732 6.617 6.617
 6.617 6.617 6.617 6.617 6.617 6.617 6.617 6.747 6.735 6.608 6.440 6.330 6.308 6.336 6.395 6.458 6.328 6.217 6.289 5.982 5.861 6.079 6.525 7.215 6.813 7.332 7.364 7.104 6.847 6.865 6.617 6.617
 6.617 6.617 6.617 6.617 6.617 6.617 6.617 6.834 6.752 6.602 6.443 6.367 6.400 6.488 6.555 6.376 6.205 6.358 6.283 6.131 6.184 5.851 6.327 7.034 6.781 7.108 7.316 7.292 7.212 7.064 6.617 6.617
 6.617 6.617 6.617 6.617 6.617 6.617 6.909 6.874 6.774 6.620 6.494 6.477 6.562 6.659 6.505 6.222 6.217 6.286 6.106 5.684 5.862 5.671 6.361 6.514 6.613 7.287 7.315 7.382 7.289 6.617 6.617 6.617
 6.617 6.617 6.617 6.617 6.617 6.913 6.894 6.834 6.728 6.622 6.579 6.649 6.780 6.681 6.433 6.162 6.185 6.088 6.301 5.709 5.897 5.844 6.260 6.292 6.553 7.356 7.160 7.108 6.617 6.617 6.617 6.617
 6.617 6.617 6.617 6.617 6.921 6.896 6.850 6.753 6.658 6.632 6.692 6.836 6.904 6.801 6.531 6.261 6.605 6.504 6.086 5.671 5.950 6.224 6.258 6.388 6.701 7.200 7.386 6.563 6.617 6.617 6.617 6.617
 6.617 6.617 6.617 6.885 6.910 6.861 6.789 6.697 6.640 6.685 6.787 6.835 6.807 6.658 6.371 6.308 6.781 6.578 6.123 5.992 6.087 5.990 6.182 6.306 6.372 6.702 6.927 6.595 6.617 6.617 6.617 6.617
 6.617 6.617 6.617 6.935 6.889 6.808 6.710 6.643 6.673 6.727 6.629 6.616 6.590 6.340 6.150 6.038 6.192 6.214 6.223 6.272 6.338 6.188 6.221 6.245 6.305 6.529 6.688 6.617 6.617 6.617 6.617 6.617
 6.617 6.617 6.961 6.946 6.884 6.768 6.641 6.533 6.520 6.529 6.529 6.583 6.549 6.440 6.328 6.440 6.412 6.316 6.218 6.338 6.544 6.418 6.260 6.280 6.365 6.475 6.617 6.617 6.617 6.617 6.617 6.617
 6.617 6.617 6.987 6.979 6.893 6.718 6.520 6.408 6.451 6.491 6.511 6.631 6.596 6.506 6.499 6.510 6.354 6.505 6.183 6.551 6.342 6.504 6.400 6.313 6.364 6.617 6.617 6.617 6.617 6.617 6.617 6.617
 6.617 6.617 7.004 7.035 6.929 6.660 6.477 6.446 6.471 6.548 6.718 6.755 6.729 6.610 6.459 6.211 6.340 6.275 6.443 6.749 6.477 6.533 6.333 6.292 6.371 6.617 6.617 6.617 6.617 6.617 6.617 6.617
 6.617 6.617 6.964 7.027 6.932 6.620 6.360 6.287 6.385 6.599 6.796 6.706 6.613 6.281 6.327 6.122 6.231 6.130 6.356 6.558 6.593 6.350 6.212 6.300 6.404 6.469 6.617 6.617 6.617 6.617 6.617 6.617
 6.617 6.617 6.880 6.905 6.811 6.613 6.479 6.420 6.492 6.643 6.817 6.518 6.101 6.081 6.191 6.288 6.384 6.281 6.377 6.435 6.462 6.276 6.233 6.335 6.444 6.510 6.617 6.617 6.617 6.617 6.617 6.617
 6.617 6.617 6.792 6.792 6.785 6.714 6.512 6.396 6.466 6.678 6.669 6.421 6.246 6.334 6.359 6.321 6.376 6.512 6.331 6.326 6.390 6.311 6.323 6.408 6.506 6.578 6.633 6.617 6.617 6.617 6.617 6.617
 6.617 6.617 6.724 6.700 6.651 6.532 6.407 6.357 6.477 6.628 6.464 6.306 6.216 6.223 6.201 6.142 6.407 6.443 6.361 6.396 6.425 6.395 6.472 6.508 6.566 6.623 6.671 6.696 6.617 6.617 6.617 6.617
 6.617 6.617 6.687 6.648 6.617 6.564 6.481 6.440 6.422 6.356 6.270 6.221 6.246 6.290 6.286 6.267 6.403 6.401 6.450 6.486 6.464 6.504 6.605 6.618 6.620 6.653 6.696 6.715 6.684 6.617 6.617 6.617
 6.617 6.617 6.617 6.618 6.600 6.570 6.518 6.467 6.390 6.331 6.299 6.280 6.310 6.379 6.442 6.491 6.501 6.484 6.501 6.515 6.503 6.564 6.651 6.683 6.661 6.617 6.711 6.718 6.617 6.617 6.617 6.617
 6.617 6.617 6.617 6.613 6.595 6.558 6.507 6.452 6.380 6.352 6.343 6.339 6.360 6.413 6.469 6.520 6.538 6.523 6.516 6.511 6.525 6.588 6.662 6.703 6.684 6.617 6.617 6.617 6.617 6.617 6.617 6.617
 6.617 6.617 6.617 6.610 6.590 6.549 6.511 6.472 6.426 6.406 6.395 6.394 6.411 6.431 6.463 6.504 6.534 6.540 6.534 6.577 6.617 6.617 6.617 6.709 6.617 6.617 6.617 6.617 6.617 6.617 6.617 6.617
 6.617 6.617 6.617 6.617 6.617 6.617 6.617 6.617 6.617 6.617 6.617 6.617 6.444 6.448 6.457 6.617 6.617 6.617 6.617 6.617 6.617 6.617 6.617 6.617 6.617 6.617 6.617 6.617 6.617 6.617 6.617 6.617
 6.617 6.617 6.617 6.617 6.617 6.617 6.617 6.617 6.617 6.617 6.617 6.617 6.617 6.617 6.617 6.617 6.617 6.617 6.617 6.617 6.617 6.617 6.617 6.617 6.617 6.617 6.617 6.617 6.617 6.617 6.617 6.617
 6.900 6.900 6.900 6.900 6.900 6.900 6.900 6.900 6.900 6.900 6.900 6.900 6.900 6.900 6.900 6.900 6.900 6.900 6.900 6.900 6.900 6.900 6.900 6.900 6.900 6.900 6.900 6.900 6.900 6.900 6.900 6.900
 6.900 6.900 6.900 6.900 6.900 6.900 6.900 6.900 6.900 6.900 6.900 6.900 6.900 6.900 6.900 6.900 6.900 6.900 6.900 6.900 6.900 6.900 6.900 6.900 6.900 6.900 6.900 6.900 6.900 6.900 6.900 6.900
 6.900 6.900 6.900 6.900 6.900 6.900 6.900 6.900 6.900 6.900 6.900 6.900 6.900 6.900 6.900 6.900 6.900 6.900 6.900 6.900 6.900 6.900 6.900 6.900 6.900 6.900 6.900 7.128 6.900 6.900 6.900 6.900
 6.900 6.900 6.900 6.900 6.900 6.900 6.900 6.900 6.900 6.900 6.900 6.900 6.900 6.661 6.613 6.900 6.900 6.900 6.900 6.900 6.900 6.900 6.900 6.900 6.900 7.500 7.500 7.500 6.900 6.900 6.900 6.900
 6.900 6.900 6.900 6.900 6.900 6.900 6.900 6.900 6.900 6.900 6.900 6.900 6.900 6.606 6.592 6.600 6.602 6.611 6.900 6.900 6.900 6.900 6.851 6.960 7.240 7.500 7.500 7.500 7.500 6.900 6.900 6.900
 6.900 6.900 6.900 6.900 6.900 6.900 6.900 6.900 6.900 6.900 6.900 6.900 6.620 6.587 6.557 6.565 6.570 6.602 6.655 6.689 6.722 6.772 6.818 6.887 7.417 7.500 7.500 7.500 7.465 7.155 6.900 6.900
 6.900 6.900 6.900 6.900 6.900 6.900 6.900 6.900 6.900 6.900 6.733 6.684 6.616 6.563 6.521 6.521 6.542 6.584 6.639 6.680 6.738 6.815 6.770 6.833 7.500 7.500 7.500 7.500 7.436 7.165 7.049 6.900
 6.900 6.900 6.900 6.900 6.900 6.900 6.900 6.900 6.900 6.900 6.742 6.672 6.581 6.535 6.498 6.496 6.537 6.575 6.611 6.645 6.717 6.814 6.774 7.235 7.500 7.500 7.500 7.500 7.500 7.182 6.973 6.900
 6.900 6.900 6.900 6.900 6.900 6.900 6.900 6.900 6.900 6.800 6.746 6.643 6.533 6.489 6.474 6.485 6.534 6.565 6.581 6.577 6.629 6.844 6.932 7.325 7.500 7.500 7.500 7.500 7.213 6.968 6.961 6.900
 6.900 6.900 6.900 6.900 6.900 6.900 6.900 6.900 6.900 6.803 6.742 6.615 6.497 6.443 6.453 6.484 6.515 6.544 6.559 6.489 6.773 7.169 7.169 7.500 7.500 7.500 7.500 7.322 7.151 6.915 6.900 6.900
 6.900 6.900 6.900 6.900 6.900 6.900 6.900 6.900 6.900 6.843 6.729 6.593 6.483 6.423 6.445 6.485 6.499 6.523 6.499 6.730 7.131 7.157 7.431 7.500 7.500 7.500 7.500 7.500 7.300 6.978 6.900 6.900
 6.900 6.900 6.900 6.900 6.900 6.900 6.900 6.900 6.897 6.857 6.712 6.582 6.502 6.467 6.481 6.505 6.493 6.386 6.402 6.816 6.990 7.497 7.500 7.500 7.500 7.500 7.500 7.500 7.462 7.135 6.900 6.900
 6.900 6.900 6.900 6.900 6.900 6.900 6.900 6.896 6.983 6.861 6.700 6.590 6.564 6.579 6.590 6.521 6.238 6.080 6.317 6.493 7.018 7.500 7.500 7.500 7.500 7.500 7.500 7.500 7.500 6.900 6.900 6.900
 6.900 6.900 6.900 6.900 6.900 6.900 6.900 7.106 7.011 6.866 6.722 6.660 6.710 6.807 6.762 6.328 6.005 6.105 6.269 6.466 7.335 7.500 7.498 7.500 7.500 7.500 7.500 7.500 7.500 6.900 6.900 6.900
 6.900 6.900 6.900 6.900 6.900 6.900 7.180 7.134 7.030 6.894 6.801 6.835 7.008 7.159 6.763 6.202 6.096 6.133 6.344 7.080 7.058 7.261 7.364 7.500 7.500 7.500 7.500 7.500 7.300 6.900 6.900 6.900
 6.900 6.900 6.900 6.900 6.900 6.900 7.157 7.094 6.995 6.918 6.938 7.134 7.419 7.280 6.724 6.388 6.289 6.497 6.839 6.732 7.311 7.271 6.963 7.500 7.500 7.500 7.500 7.500 6.900 6.900 6.900 6.900
 6.900 6.900 6.900 6.900 6.900 7.158 7.110 7.014 6.934 6.951 7.129 7.389 7.354 6.977 6.633 6.322 6.473 7.224 7.258 7.337 7.053 7.111 6.583 7.354 7.500 7.500 7.500 7.300 6.900 6.900 6.900 6.900
 6.900 6.900 6.900 6.900 7.183 7.128 7.045 6.946 6.895 6.987 7.163 7.101 6.897 6.704 6.368 6.184 6.377 6.802 6.829 7.047 6.901 6.849 6.823 7.353 7.500 7.500 7.500 6.900 6.900 6.900 6.900 6.900
 6.900 6.900 6.900 7.225 7.168 7.076 6.963 6.864 6.796 6.795 6.839 6.808 6.794 6.599 6.325 6.212 6.313 6.387 7.052 6.786 6.959 7.217 7.239 7.190 7.500 7.500 7.445 6.900 6.900 6.900 6.900 6.900
 6.900 6.900 6.900 7.234 7.163 7.037 6.883 6.708 6.540 6.603 6.749 6.813 6.769 6.552 6.423 6.656 6.538 6.706 6.783 6.726 6.763 7.150 7.134 7.350 7.218 7.211 6.900 6.900 6.900 6.900 6.900 6.900
 6.900 6.900 7.301 7.269 7.175 7.009 6.796 6.569 6.480 6.520 6.610 6.754 6.706 6.521 6.649 6.700 6.494 6.817 6.337 6.716 6.845 7.097 7.188 7.000 6.839 7.009 6.900 6.900 6.900 6.900 6.900 6.900
 6.900 6.900 7.299 7.307 7.207 6.990 6.724 6.489 6.417 6.518 6.721 6.951 6.781 6.664 6.649 6.646 6.637 6.478 6.492 6.700 6.681 6.902 6.877 6.661 6.698 6.900 6.900 6.900 6.900 6.900 6.900 6.900
 6.900 6.900 7.248 7.275 7.154 6.865 6.551 6.352 6.350 6.497 6.792 6.969 6.696 6.435 6.571 6.613 6.686 6.370 6.779 6.526 6.628 6.711 6.548 6.585 6.689 6.772 6.900 6.900 6.900 6.900 6.900 6.900
 6.900 6.900 7.154 7.146 7.011 6.749 6.546 6.422 6.417 6.562 6.903 6.901 6.399 6.314 6.501 6.551 6.506 6.895 6.878 6.547 6.584 6.541 6.493 6.615 6.721 6.782 6.900 6.900 6.900 6.900 6.900 6.900
 6.900 6.900 7.060 7.026 6.929 6.775 6.587 6.457 6.499 6.658 6.897 6.741 6.471 6.441 6.503 6.513 6.662 7.207 6.771 6.617 6.635 6.575 6.598 6.686 6.778 6.845 6.904 6.900 6.900 6.900 6.900 6.900
 6.900 6.900 7.004 6.953 6.885 6.775 6.628 6.541 6.585 6.661 6.704 6.591 6.465 6.436 6.471 6.574 6.827 6.950 6.757 6.706 6.709 6.694 6.751 6.783 6.834 6.886 6.942 6.973 6.900 6.900 6.900 6.900
 6.900 6.900 6.900 6.898 6.867 6.809 6.722 6.663 6.649 6.622 6.587 6.531 6.486 6.497 6.541 6.684 6.863 6.836 6.779 6.770 6.766 6.804 6.881 6.889 6.885 6.906 6.977 6.993 6.900 6.900 6.900 6.900
 6.900 6.900 6.900 6.879 6.858 6.820 6.762 6.707 6.672 6.628 6.577 6.515 6.507 6.564 6.638 6.740 6.813 6.802 6.784 6.792 6.799 6.851 6.933 6.959 6.930 6.900 6.900 7.004 6.900 6.900 6.900 6.900
 6.900 6.900 6.900 6.876 6.857 6.815 6.765 6.708 6.673 6.642 6.603 6.579 6.591 6.636 6.690 6.757 6.799 6.795 6.784 6.791 6.805 6.908 6.960 6.994 6.900 6.900 6.900 6.900 6.900 6.900 6.900 6.900
 6.900 6.900 6.900 6.900 6.900 6.801 6.781 6.900 6.834 6.666 6.649 6.639 6.653 6.670 6.701 6.749 6.785 6.795 6.900 6.900 6.900 6.900 6.900 6.900 6.900 6.900 6.900 6.900 6.900 6.900 6.900 6.900
 6.900 6.900 6.900 6.900 6.900 6.900 6.900 6.900 6.900 6.900 6.900 6.900 6.686 6.691 6.699 6.900 6.900 6.900 6.900 6.900 6.900 6.900 6.900 6.900 6.900 6.900 6.900 6.900 6.900 6.900 6.900 6.900
 6.900 6.900 6.900 6.900 6.900 6.900 6.900 6.900 6.900 6.900 6.900 6.900 6.900 6.900 6.900 6.900 6.900 6.900 6.900 6.900 6.900 6.900 6.900 6.900 6.900 6.900 6.900 6.900 6.900 6.900 6.900 6.900
