-118.17
-118.14
-118.11
-118.08
-118.05
-118.02
-117.99
-117.96
-117.93
-117.90
-117.87
-117.84
-117.81
-117.78
-117.75
-117.72
-117.69
-117.66
-117.63
-117.60
-117.57
-117.54
-117.51
-117.48
-117.45
-117.42
-117.39
-117.36
-117.33
-117.30
-117.27
-117.24
-117.21
-117.18
-117.15
-117.12
-117.09
-117.06
-117.03
-117.00
-116.97
-116.94
-116.91
-116.88
-116.85
-116.82
-116.79
-116.76
-116.73
-116.70
-116.67
-116.64
-116.61
-116.58
-116.55
-116.52
-116.49
-116.46
-116.43
-116.40
-116.37
-116.34
-116.31
-116.28
-116.25
-116.22
-116.19
-116.16
-116.13
-116.10
-116.07
-116.04
-116.01
-115.98
-115.95
-115.92
-115.89
-115.86
-115.83
-115.80
-115.77
-115.74
-115.71
-115.68
-115.65
-115.62
-115.59
-115.56
-115.53
-115.50
-115.47
-115.44
-115.41
-115.38
